  460.90    69.46     1.73  2643.00
  870.76    86.67     4.37  2450.00
  219.34   115.90     1.52  2404.00
  949.19   133.39     1.74  2473.00
 1072.03   207.26     2.58  2844.00
  915.79   208.58     2.57  2830.00
  613.83   215.29     2.75  2472.00
  255.14   217.52     1.88  3041.00
 1349.31   223.97     1.98  3123.00
   19.19   245.47     3.07  3107.00
 1021.30   260.31     2.49  2973.00
   48.74   287.49     2.00  2446.00
 1440.44   292.85     2.08  3053.00
 1211.22   311.35     1.77  2616.00
 1272.57   315.50     1.53  2348.00
 1445.42   318.00     2.77  2565.00
 1142.89   326.35     2.63  2825.00
  758.36   348.74     1.78  2706.00
 1400.89   350.02     4.00  2266.00
 1228.00   353.71     1.79  2651.00
  502.46   409.31     1.60  2496.00
 1164.43   431.79     2.53  3359.00
  644.17   473.62     2.07  3233.00
 1350.65   484.35     2.26  3384.00
 1195.34   496.13     2.30  3851.00
 1091.98   510.05     2.22  3829.00
 1081.00   527.00     2.25  3019.00
  453.53   544.99     2.23  3258.00
 1184.41   575.81     2.76  2883.00
 1041.53   587.31     2.24  2445.00
 1350.95   620.24     2.50  2992.00
    5.74   632.95     2.24  3797.00
  485.35   633.28     2.01  3028.00
  487.62   642.08     2.52  3415.00
   89.07   644.95     2.39  2929.00
  692.14   648.83     3.60  2288.00
 1222.18   655.66     2.48  3044.00
 1218.57   706.32     2.17  3358.00
 1280.46   705.90     3.61  2507.00
  300.85   713.26     2.43  3018.00
  966.70   756.82     3.13  2897.00
    8.76   761.46     1.59  2447.00
   30.41   773.93     2.01  3139.00
  159.72   788.95     1.98  2856.00
  574.72   808.61     2.11  2469.00
 1380.25   813.49     2.51  2503.00
 1531.50   836.69     1.75  2526.00
  773.44   848.20     2.31  3737.00
   48.92   854.57     2.10  3166.00
  685.80   866.70     2.30  2514.00
 1053.73   878.94     2.16  3347.00
 1090.04   878.00     1.71  2595.00
  257.04   885.37     1.74  2367.00
 1108.40   889.92     2.33  3093.00
   13.68   891.57     1.64  2365.00
  281.22   897.85     1.80  2808.00
 1369.27   918.12     1.67  2411.00
 1530.97   971.92     2.97  2353.00
  770.90   205.83     4.51  2426.00
  527.49   371.19     5.26  2548.00
  567.21   422.59     4.69  2319.00
  163.36   490.24     6.27  2758.00
   91.23   581.53     6.24  3056.00
 1411.84   717.02     5.87  2934.00
 1338.86   764.74     6.79  2475.00
   85.30   783.03     6.15  2812.00
 1167.03   255.93     6.00  2769.00
  522.14   313.50     6.61  2864.00
  948.93   506.83     7.14  3078.00
  167.15   655.70     5.55  2390.00
  357.06   676.96     6.32  3013.00
 1009.71   823.86     5.86  2336.00
  916.03   867.35     6.69  3342.00
 1396.52   908.91     6.57  3181.00
 1218.46   917.84     6.59  2670.00
  132.64   929.20     6.18  2496.00
  438.06   148.58     7.85  2890.00
  788.29   163.80     6.69  2673.00
 1332.09   242.88     6.88  2502.00
  287.21   327.65     7.73  2734.00
 1389.72   340.61     7.42  2956.00
 1392.64   362.42     7.00  2609.00
 1307.96   478.49     7.60  2842.00
 1275.83   526.55     7.99  2868.00
   77.32   536.93     7.67  3104.00
  310.93   651.53     8.06  3079.00
  727.24   665.27     6.57  2480.00
 1460.00   676.67     6.81  2392.00
 1496.15   711.39     7.25  2885.00
 1054.66   772.24     7.72  2904.00
 1430.78   836.78     6.90  2669.00
  723.24   849.29     6.57  2478.00
 1224.25   213.39     8.57  2348.00
  410.82   299.84     8.85  2860.00
  246.64   307.00     8.36  2656.00
   64.63   309.07     7.56  2309.00
 1181.30   589.52     8.52  2748.00
 1470.50   592.62     8.74  2509.00
  420.00   635.11     8.22  2577.00
 1494.89   744.21     7.18  2330.00
 1092.66   813.20     7.84  2645.00
 1148.34   854.34     7.77  2375.00
  821.00   900.30     8.58  2911.00
 1166.94   158.17     8.89  2516.00
  246.79   319.83     9.36  2868.00
 1426.38   364.93     9.20  2658.00
  979.06   399.55     9.48  2940.00
  333.79   570.03     9.42  2469.00
 1495.72   625.91     9.60  2917.00
  785.63   684.88     8.80  2685.00
 1234.55   728.69     9.76  2606.00
 1367.96   903.83     9.34  2958.00
  728.19   122.31    10.30  3044.00
 1386.02   305.38    10.24  2538.00
  569.97   323.97     9.53  2394.00
  403.71   408.94     9.88  2333.00
  839.01   503.75    10.96  3114.00
 1127.04   540.66    10.48  2808.00
   43.17   745.17    11.36  3260.00
  541.76   795.64    10.44  2792.00
  416.74   929.89     9.26  2372.00
 1393.70   953.95    10.28  2847.00
  886.73    71.97    11.63  2733.00
  792.55   213.82    11.65  2661.00
  557.30   232.74    11.26  2631.00
  592.50   277.00    10.50  2440.00
  335.05   381.64    12.47  3183.00
  103.89   389.27    11.33  3041.00
  402.07   455.08    11.38  2774.00
  297.86   492.81    10.53  2393.00
 1455.76   512.38    11.46  2672.00
  485.68   618.14    10.85  2699.00
 1018.67   728.09    12.32  3074.00
 1025.03   909.28    11.03  2682.00
  932.21   955.57    11.59  2764.00
  646.97   177.32    11.43  2415.00
  710.25   270.58    12.53  2689.00
  163.56   376.52    11.96  2458.00
  362.47   430.80    12.67  3000.00
 1455.20   600.41    11.76  2549.00
  629.33   641.46    12.90  2909.00
 1043.70   666.08    12.30  2842.00
 1133.37   841.94    11.34  2280.00
 1297.58   908.94    11.90  2371.00
 1354.89    99.02    13.11  2507.00
 1160.66   170.58    13.53  2424.00
 1260.74   172.97    14.08  3192.00
 1125.80   174.60    12.89  2483.00
  259.41   186.62    13.81  3137.00
  630.57   298.59    12.96  2511.00
  534.12   469.87    13.57  3063.00
 1112.55   500.48    13.15  2907.00
  282.43   572.42    13.05  2845.00
   57.56   670.44    13.03  2916.00
  322.26   701.32    13.72  2821.00
  960.92   712.18    12.87  2890.00
  119.82   714.82    13.36  2488.00
  108.60   165.82    14.47  3054.00
  343.69   225.86    13.55  2376.00
  278.69   565.80    14.61  2690.00
 1159.90   600.57    14.46  2889.00
  573.94   785.42    13.94  2363.00
 1460.87   843.77    13.96  2933.00
 1463.06   888.91    14.97  2812.00
 1496.92   186.00    14.43  2330.00
  108.85   265.54    15.75  2686.00
 1006.00   369.47    15.44  2767.00
 1163.25   492.91    15.52  2537.00
  187.59   543.39    15.56  3191.00
 1151.88   594.09    15.98  2905.00
 1386.16   935.40    15.19  2516.00
  890.45   187.79    16.32  2759.00
  555.85   279.74    16.71  2850.00
  355.67   415.73    15.97  2427.00
  904.67   551.46    16.89  3148.00
  687.71   715.32    16.78  2830.00
  170.53   747.59    16.55  2487.00
  302.22   805.86    15.89  2522.00
  403.53   895.47    15.59  2359.00
  678.22   250.89    16.15  2384.00
  928.10   640.08    17.03  2892.00
  548.50   719.45    18.22  2933.00
 1256.07   778.35    17.15  2562.00
 1049.64   125.64    19.75  2400.00
  933.35   203.29    17.87  2497.00
  613.89   239.09    18.67  2952.00
 1241.11   254.26    17.74  2332.00
  749.94   273.28    18.61  2976.00
 1073.97   281.60    18.60  2696.00
  638.71   377.68    18.36  2788.00
  650.84   383.94    17.58  2395.00
  551.56   407.26    18.40  2514.00
 1151.64   605.82    18.07  2271.00
   34.11   661.00    18.16  2917.00
  778.89   767.62    18.95  2935.00
   89.17   858.54    19.17  2983.00
 1161.03    77.94    18.31  2440.00
  462.79   213.00    19.66  3112.00
  413.23   298.97    18.84  2397.00
 1047.99   429.99    18.89  2666.00
 1531.47   515.27    19.82  3046.00
 1241.81   548.13    22.23  2202.00
  970.00   682.27    19.53  3020.00
  132.58   684.70    18.62  2570.00
  287.91   817.70    19.21  2446.00
  588.27   831.59    19.47  2933.00
  738.80   142.23    19.64  2533.00
  761.23   335.18    19.75  2447.00
 1047.58   347.02    19.60  2498.00
  439.71   394.52    19.45  2388.00
  950.67   428.27    19.49  2534.00
 1162.53   713.71    19.29  2408.00
 1377.00   749.32    19.89  2400.00
 1480.65   827.74    19.89  2525.00
   19.56   835.63    20.93  3000.00
 1252.13   946.00    19.70  2568.00
 1216.49   978.09    21.63  2900.00
  311.51    71.51    21.46  2640.00
  205.30   132.59    20.90  2667.00
  390.46   133.83    22.40  3116.00
 1225.39   254.31    21.33  2930.00
  733.16   272.51    20.67  2603.00
  957.59   288.06    21.00  2385.00
 1085.26   296.42    20.50  2468.00
  263.45   332.98    21.00  2524.00
 1404.73   358.00    21.19  2478.00
  795.04   376.41    20.88  2490.00
 1257.82   417.46    20.97  2801.00
  483.32   452.19    21.86  2990.00
 1464.22   674.42    20.25  2201.00
  857.54   895.00    20.46  2492.00
   42.00    69.14    22.99  2965.00
   26.57   103.53    22.62  2707.00
 1207.89   204.99    22.59  3070.00
 1043.00   232.35    21.78  2533.00
  689.32   240.25    21.46  2336.00
  270.75   480.69    22.61  2636.00
 1465.52   481.27    22.95  2993.00
  826.42   498.63    21.82  2551.00
   75.17   710.40    22.02  2742.00
 1094.68   715.74    22.31  2570.00
  934.10   758.38    22.27  2526.00
 1474.94   113.06    23.32  2470.00
  785.28   348.52    24.06  2889.00
 1168.72   436.08    22.52  2567.00
  517.57   888.04    23.35  2899.00
  438.21   934.31    23.56  2779.00
 1303.76   976.48    22.30  2216.00
  821.15   142.60    24.42  2598.00
  565.16   259.87    24.28  2928.00
  318.83   556.56    24.53  2748.00
  317.28   639.88    23.78  2615.00
  804.62   685.43    24.87  2782.00
  274.02   914.28    25.10  3072.00
  941.58   289.23    24.26  2421.00
  493.53   297.89    25.89  2937.00
 1530.94   343.69    25.21  2616.00
 1355.32   786.26    25.52  2768.00
  621.07   814.61    24.04  2307.00
 1298.47   118.09    26.28  2701.00
   55.80   154.90    27.21  3080.00
  406.68   222.47    25.91  2734.00
  479.27   346.91    26.09  2794.00
  239.50   389.78    25.98  2731.00
  949.61   549.48    26.98  2890.00
  469.53   715.88    26.41  2939.00
 1031.79   755.40    26.13  2722.00
 1502.66   774.37    25.92  2729.00
  983.09   863.26    26.61  2860.00
  505.14   936.26    26.61  3057.00
 1443.66   111.28    27.46  2827.00
  822.79   220.04    26.46  2431.00
 1455.48   393.97    26.66  2317.00
 1333.86   589.62    27.34  2722.00
 1172.43   819.58    27.67  3049.00
  964.21   198.15    27.85  2386.00
  722.63   397.06    27.50  2360.00
  212.03   422.61    28.49  2958.00
  795.83   519.85    28.89  3001.00
  193.79   563.48    27.38  2470.00
 1112.30   857.93    27.40  2329.00
  851.10    62.02    28.92  2524.00
  481.96   686.80    29.76  2901.00
  885.96   703.69    29.69  2974.00
  590.66   868.62    29.29  2838.00
 1461.43   900.81    29.63  2523.00
  752.93   962.56    29.35  2543.00
 1103.43   963.41    29.46  2880.00
  369.69   248.61    30.39  2752.00
  440.83   427.17    30.03  2940.00
  840.88   456.04    30.52  2709.00
  188.10   545.60    29.83  2414.00
  696.42   551.42    30.81  3083.00
  188.36   614.73    30.40  2513.00
   36.99   900.55    30.44  3064.00
  618.10   280.53    31.91  2817.00
  630.15   422.07    31.45  2884.00
  760.51   624.16    30.77  2503.00
 1313.03    75.52    32.56  2639.00
   88.77   109.43    31.37  2372.00
 1487.25   121.22    32.09  2328.00
 1010.34   456.03    31.63  2424.00
 1484.97   520.42    31.44  2454.00
  972.09   875.99    32.47  2972.00
 1263.05   248.18    33.86  2898.00
  385.89   353.73    33.36  2553.00
  451.29   409.50    33.26  2434.00
  758.75   419.22    32.78  2366.00
  518.72   510.43    33.85  2739.00
 1117.09   571.13    33.88  3108.00
  130.70   591.83    33.82  2868.00
  482.40   597.47    33.05  2872.00
 1021.31   897.78    33.61  2508.00
  231.60   925.84    34.30  3076.00
  746.54   316.02    34.06  2579.00
  308.90   316.17    35.11  3024.00
 1108.61   343.63    35.31  2715.00
  394.73   364.24    34.31  2608.00
 1360.82   449.94    33.41  2506.00
  404.71   465.53    34.58  2660.00
 1338.91   603.95    34.44  2469.00
 1100.42   710.87    35.06  2917.00
 1289.75   743.28    34.23  2679.00
 1437.69   809.41    34.11  2593.00
   49.10   866.40    34.50  2862.00
  756.06   881.16    33.72  2364.00
  299.84   923.63    34.20  2700.00
 1061.08   923.54    34.10  2416.00
  860.69   925.58    34.49  2867.00
 1092.70   976.60    34.25  2673.00
 1058.86    91.31    36.09  2698.00
  101.85   168.87    36.75  2822.00
 1102.96   216.90    35.79  2600.00
  859.33   342.25    36.70  2797.00
  334.80   424.39    36.56  2818.00
  595.04   446.43    36.55  2796.00
 1453.79   588.94    35.24  2386.00
  136.94   825.01    36.25  2772.00
  469.48   127.72    36.66  2559.00
 1239.61   376.23    37.11  2459.00
 1156.65   404.31    37.88  2908.00
  957.57   437.51    37.40  2497.00
 1515.12   454.54    37.69  2704.00
  351.13   788.35    37.09  2726.00
  794.97   850.69    36.66  2398.00
  495.56    93.38    37.80  2684.00
 1081.22   244.87    38.91  3017.00
  388.51   342.10    38.57  2882.00
 1151.59   378.59    37.38  2385.00
  848.97   386.71    38.91  2610.00
  953.63   709.89    37.44  2339.00
 1119.50   829.25    38.26  3066.00
  810.51   367.20    39.89  3029.00
  904.35   603.60    39.89  2475.00
  458.11   674.02    39.16  2679.00
  792.56   863.67    39.67  2976.00
  597.45   888.02    39.84  2712.00
  975.53    65.92    40.68  2799.00
 1392.86   241.80    40.38  2682.00
 1514.75   242.26    40.14  2823.00
 1326.49   470.22    39.14  2335.00
 1079.28   493.46    40.39  2773.00
  911.94   517.96    40.00  2887.00
 1213.18   528.52    40.34  2438.00
    1.37   704.78    40.41  2874.00
 1265.30   714.65    39.63  2483.00
 1154.91   734.22    39.88  2700.00
  538.20   741.82    39.67  2553.00
 1089.35   812.38    40.54  3012.00
 1266.81   930.12    40.07  2784.00
 1342.46    82.42    40.60  2456.00
 1021.73   323.63    40.60  2407.00
 1498.32   414.70    41.35  2419.00
   38.85   418.96    41.42  2856.00
 1163.70   489.93    40.76  2522.00
  379.70   510.86    41.21  2683.00
  974.56   590.58    41.12  2503.00
 1485.73   639.25    41.17  2439.00
 1297.79   824.19    41.29  2850.00
 1520.91   969.51    41.22  2595.00
  898.75    56.98    42.27  2687.00
  896.85   261.85    42.44  3087.00
   74.65   295.04    42.38  2589.00
  698.41   334.61    42.00  2713.00
  122.93   385.28    42.40  3226.00
 1351.45   399.32    42.05  2634.00
   56.06   419.51    41.97  2649.00
 1077.96   583.14    41.73  2547.00
   28.89   751.32    41.54  2325.00
 1349.09   858.35    42.02  2689.00
 1181.03   925.00    41.91  2480.00
 1386.58   201.44    43.55  2515.00
  186.99   342.20    43.60  2812.00
  949.68   576.87    44.32  2882.00
 1039.81   697.56    42.74  2290.00
  983.14   716.08    43.33  2868.00
  293.03    60.00    44.07  2402.00
 1089.02   183.77    44.51  2781.00
  821.05   209.86    43.79  2497.00
 1180.52   313.14    44.62  2990.00
  899.30   411.10    45.77  3025.00
 1096.24   445.36    43.33  2436.00
  294.62   711.80    44.33  2788.00
  928.89   806.52    44.47  2746.00
  795.02   935.40    43.48  2509.00
  300.50    71.82    44.74  2378.00
 1375.93   130.19    45.94  3237.00
  280.82   342.41    44.47  2591.00
  729.87   407.59    45.44  2951.00
 1138.67   838.11    46.01  2777.00
  831.63    67.15    46.77  2736.00
 1088.07   254.07    45.89  2536.00
  581.50   270.66    46.16  2468.00
 1378.22   288.41    46.02  2491.00
 1019.04   404.69    47.70  2710.00
  191.92   445.16    46.71  2548.00
 1242.21   666.23    46.91  3202.00
  519.19   728.96    46.58  2845.00
  469.40    69.22    47.21  2822.00
 1409.26   275.06    46.79  2439.00
 1184.97   276.61    46.95  2513.00
   94.75   482.70    47.23  2540.00
 1392.11   562.90    47.13  2880.00
  933.54   600.60    47.16  2556.00
  353.13   727.85    46.40  2317.00
 1208.74   763.00    47.00  2575.00
   79.26   523.91    48.77  2430.00
  715.41   542.73    48.20  2508.00
   73.34   614.86    47.89  2336.00
  780.35   679.43    47.88  2768.00
 1133.85   707.58    48.70  2885.00
  593.16   739.97    48.84  2844.00
  699.95   841.26    48.36  2488.00
 1486.69   915.84    47.66  2294.00
  238.48    68.11    49.55  2974.00
  887.85   156.79    49.61  2689.00
  284.30   208.68    49.32  2491.00
  886.24   400.52    48.45  2341.00
 1367.67   589.42    49.77  2378.00
  851.04   682.45    49.10  2624.00
  975.13   682.88    49.25  2808.00
  532.20   684.75    49.37  2731.00
 1494.56   746.09    50.05  2647.00
 1506.08   777.59    49.43  2894.00
  896.84   952.57    49.60  3035.00
  917.13   225.14    50.66  3009.00
  449.65   237.95    50.06  2705.00
  149.42   284.68    50.67  2753.00
  815.72   314.06    50.89  3076.00
    6.56   319.91    50.15  2532.00
  387.06   374.98    50.14  2914.00
 1436.37   404.13    50.39  2844.00
   87.16   433.60    51.68  2783.00
 1187.96   434.32    50.29  2746.00
  720.69   675.91    49.46  2430.00
  823.25   139.17    51.58  2845.00
  890.72   166.84    50.56  2374.00
 1506.21   364.95    50.93  2381.00
 1310.62   419.79    51.98  3322.00
  364.24   432.66    51.84  2923.00
 1291.41   436.00    50.46  2235.00
 1480.31   472.19    51.14  2594.00
 1361.58   473.19    50.96  2626.00
 1430.07   494.86    51.84  2972.00
 1250.84   602.66    51.23  2882.00
  712.31    56.71    52.13  2690.00
 1420.87    72.31    52.40  2603.00
  215.60   175.24    52.73  2896.00
 1499.89   383.55    52.14  2757.00
  562.63   417.36    52.82  3053.00
 1478.63   534.78    51.57  2236.00
 1362.09   689.77    51.70  2528.00
 1508.34    98.68    52.66  2559.00
  900.09   195.65    52.33  2408.00
 1380.52   222.57    53.48  2673.00
  485.45   281.51    53.09  2569.00
 1155.97   415.49    53.99  3148.00
  375.98   432.81    52.65  2595.00
 1263.30   524.70    53.23  2613.00
 1044.86   802.48    52.94  2514.00
 1263.00   888.33    52.81  2358.00
  719.31   971.43    54.62  3025.00
 1168.75   128.19    53.76  2577.00
  238.25   156.11    53.86  2384.00
   28.14   257.36    54.28  2751.00
  141.35   294.87    53.68  2411.00
  479.77   691.43    54.83  2938.00
 1029.11   775.49    53.94  2381.00
  767.42   945.89    54.11  2456.00
 1126.63    90.44    55.10  2509.00
  520.16   116.94    55.86  2851.00
  214.45   119.03    55.00  2405.00
  300.45   305.80    54.85  2418.00
   98.72   307.34    54.57  2370.00
 1060.10   348.90    55.65  3044.00
  671.38   436.71    56.23  2889.00
 1246.05   668.84    55.80  3046.00
  902.18   739.55    55.59  2723.00
  557.93   969.24    54.76  2508.00
  133.40   232.70    56.30  2417.00
  554.01   280.89    56.32  2920.00
  602.14   404.07    55.68  2516.00
   70.72   429.05    56.31  2762.00
  614.21   491.02    56.33  2506.00
  470.66   537.00    55.06  2354.00
 1492.67   549.86    56.37  2948.00
  852.26   669.60    55.49  2549.00
  895.72   677.72    55.64  2587.00
 1084.66   677.35    56.49  2438.00
  970.55   847.35    56.73  2702.00
 1317.86   858.97    55.69  2443.00
   45.89   898.15    55.83  2680.00
  316.08   904.31    55.88  2807.00
  853.68   908.24    56.69  2654.00
 1307.76   933.00    56.57  2905.00
  948.24    74.76    56.28  2384.00
  850.63   104.42    57.57  2720.00
  566.36   126.23    57.92  2696.00
 1072.72   269.96    57.21  2836.00
  226.68   288.46    57.02  2849.00
  397.95   692.62    56.87  2652.00
    2.10   150.43    58.27  2584.00
 1209.00   256.26    57.50  2392.00
 1009.93   376.07    58.17  2410.00
  750.45   616.08    57.75  2487.00
  687.00   719.68    57.93  2311.00
 1426.32   742.59    57.49  2389.00
  649.85   760.09    58.00  2931.00
  327.92   822.33    58.55  3129.00
 1442.69   854.53    58.67  2500.00
 1209.65   127.95    59.07  2521.00
  394.76   195.40    59.11  2558.00
  423.51   249.72    59.26  2631.00
  546.52   555.07    60.09  2904.00
  297.95   586.07    58.83  2520.00
 1069.61   738.49    59.54  2738.00
 1307.79   787.38    59.26  2445.00
  739.31   840.22    59.61  2842.00
  435.56   863.85    58.03  2225.00
  184.89   952.35    59.42  2913.00
 1011.36    65.15    60.04  2700.00
  301.71   117.44    60.57  2721.00
 1471.97   175.54    60.17  2685.00
  895.50   445.95    59.55  2433.00
  704.66   651.64    61.07  3104.00
   75.17   737.45    59.58  2531.00
  848.65   223.49    61.60  2793.00
  288.45   336.36    61.66  3002.00
 1364.23   343.43    61.50  2665.00
  520.70   381.85    61.58  2794.00
  959.53   392.43    61.50  3133.00
  385.70   447.59    61.46  2985.00
  962.94   521.51    61.73  2770.00
  115.64   610.51    61.67  2818.00
  167.85   146.04    61.89  2381.00
  587.89   290.44    61.98  2778.00
  968.10   332.81    62.06  2467.00
  865.43   540.70    63.17  2985.00
 1306.49   671.81    63.36  3094.00
 1342.72   715.60    61.90  2568.00
 1525.67   160.17    64.17  2756.00
 1188.71   224.99    63.56  3060.00
  789.19   254.59    63.20  2624.00
 1264.30   454.42    62.68  2818.00
  936.67   619.13    62.17  2369.00
 1424.97   620.88    63.89  2990.00
 1208.88   692.37    63.67  2574.00
   53.04   759.77    63.42  2527.00
  743.90   179.45    64.22  2628.00
 1379.58   354.15    65.92  2821.00
  297.30   422.41    64.39  3017.00
 1062.54   510.67    64.48  2929.00
  501.50   566.33    63.78  2353.00
 1031.79   613.93    63.69  2649.00
  816.14   646.99    64.79  2984.00
  564.71   655.33    63.88  2472.00
 1339.57   704.14    63.57  2426.00
 1156.90   738.03    63.57  2368.00
 1277.98   961.21    63.83  2639.00
  860.49   176.40    65.02  2535.00
  803.56   219.88    65.40  2594.00
 1492.46   305.95    66.21  3209.00
 1127.57   362.27    65.11  2604.00
 1027.53   601.06    64.43  2351.00
  316.73   652.85    65.60  2520.00
  829.80   654.36    65.38  2731.00
  294.43   691.26    65.38  2722.00
  287.10    52.78    66.55  2432.00
  988.07   638.26    66.72  2827.00
  574.20   710.87    66.15  2544.00
  236.86   728.00    65.89  2464.00
  670.91   781.46    66.46  2937.00
  661.75   786.19    67.07  2930.00
 1249.02   893.90    66.28  2869.00
   63.33   177.17    67.58  2849.00
  134.92   394.08    67.41  2454.00
 1039.52   441.49    68.08  2738.00
  752.40   479.51    67.02  2524.00
 1024.33   584.75    66.60  2492.00
 1354.65   728.40    67.10  2693.00
 1101.49   771.00    67.20  2564.00
  362.54   775.91    67.00  2806.00
  387.97    63.00    68.06  2416.00
  480.03   226.13    68.05  2921.00
  688.03   232.60    68.60  2671.00
 1060.68   470.49    67.74  2509.00
  475.39   554.04    67.18  2408.00
  923.10   703.00    67.34  2380.00
 1307.24   830.22    68.14  2585.00
 1495.01   954.24    68.14  2799.00
 1093.56   971.85    68.81  2566.00
 1502.48   234.82    69.78  3013.00
  942.09   364.93    69.24  2726.00
  511.72   463.17    68.81  2677.00
 1336.90   686.44    68.59  2445.00
  911.14   712.97    69.73  2859.00
 1092.04   763.68    68.75  2372.00
 1477.26   767.67    68.07  2317.00
   82.54   926.24    69.17  2626.00
 1015.69   153.91    69.46  2479.00
 1121.38   222.11    70.60  2935.00
   33.75   344.55    70.04  2601.00
 1040.95   459.43    70.63  3112.00
  418.50   118.97    71.58  3041.00
   25.82   207.21    70.97  2518.00
  756.02   214.22    70.80  2612.00
 1206.81   974.53    70.41  2316.00
  983.00    68.04    71.44  2351.00
  533.20   162.06    72.72  2792.00
  130.08   335.67    72.08  2721.00
  393.42   578.48    73.01  2754.00
 1227.16   608.78    71.44  2410.00
 1343.45   706.36    72.17  2487.00
   92.48   135.45    72.48  2270.00
 1303.95   165.47    73.89  3144.00
  675.11   239.58    73.90  3093.00
 1184.28   321.61    74.19  2792.00
  126.40   438.70    72.67  2350.00
  930.15   480.88    73.45  3056.00
  993.56   564.96    73.59  2811.00
 1411.67   680.40    72.83  2548.00
  180.81   706.13    73.48  3002.00
  163.61   721.39    73.18  2978.00
   38.38   759.17    72.57  2486.00
 1438.27   759.47    73.09  2592.00
 1450.97   904.97    72.55  2365.00
  323.92   145.07    74.88  2918.00
  994.29   391.08    74.56  2685.00
  754.60   418.26    73.89  2724.00
 1495.11   444.15    73.81  2292.00
 1409.02   483.98    74.63  3019.00
  773.72   509.99    74.80  3085.00
  709.57   800.10    74.44  2714.00
  522.03   812.97    74.13  2455.00
  907.20   873.81    74.52  2852.00
  712.47   900.76    74.21  2663.00
  811.70   119.18    75.18  2563.00
  399.75   121.78    75.53  2950.00
  592.44   169.84    74.41  2385.00
  327.65   215.26    74.94  2998.00
 1295.94   278.47    75.02  2740.00
 1170.98   556.02    74.93  2514.00
  818.97   644.89    76.06  3183.00
 1381.25   666.25    75.42  2494.00
  334.07   702.16    74.96  2556.00
 1101.98   768.51    75.95  2627.00
  959.07   795.73    75.20  2412.00
  866.10   810.00    75.43  3025.00
 1187.68   891.42    75.13  2628.00
  733.96   901.40    75.19  2921.00
  282.40   245.60    76.00  2483.00
 1221.27   301.63    76.37  3004.00
   93.03   425.13    76.26  2925.00
 1379.16   433.39    77.53  3064.00
  311.11   787.46    75.91  2602.00
 1378.29   857.81    75.83  2650.00
 1422.65   911.35    75.86  2274.00
  702.76   167.61    76.54  2464.00
  832.27   229.22    77.16  2522.00
  608.69   285.17    76.07  2308.00
  204.17   499.10    77.43  2658.00
 1016.75   623.88    76.53  2376.00
  898.93   637.29    77.73  2677.00
 1255.67   711.07    76.22  2369.00
   18.99   718.26    77.14  2790.00
  993.88   724.46    77.24  2465.00
  220.03   769.91    77.32  2997.00
 1039.96   936.07    76.82  2340.00
 1512.57    66.86    77.32  2319.00
  525.29   131.77    77.71  2398.00
  792.00   295.32    78.00  2529.00
 1060.73   300.06    78.69  3018.00
 1318.44   376.86    78.49  2584.00
 1051.75   399.38    78.20  2610.00
  999.72   507.74    79.11  3076.00
 1380.67   873.58    78.27  2753.00
  635.20   935.00    78.58  2473.00
  644.85   948.88    79.39  2876.00
  394.39   178.10    79.81  2721.00
  590.06   529.06    79.16  2393.00
  379.94   617.00    79.12  2635.00
  439.69   887.05    79.24  2534.00
  234.31    65.68    80.93  3072.00
  918.70   233.83    80.50  3024.00
 1353.74   588.55    80.17  2602.00
  582.10   632.44    80.78  2497.00
  921.25   771.00    80.62  3256.00
 1109.81   830.54    80.78  2496.00
  261.04   850.81    79.96  2348.00
  816.35   873.67    79.86  2570.00
  715.83   971.14    79.67  2399.00
  105.51    55.10    81.84  2548.00
  838.75   226.18    80.18  2312.00
  367.30   299.11    81.02  2549.00
 1361.46   607.40    80.37  2347.00
  955.00   745.65    81.82  3067.00
 1391.86   747.81    80.81  2501.00
  875.77   812.51    80.54  2416.00
   53.55   882.15    81.46  2662.00
  741.57   970.62    81.73  2417.00
 1323.45   156.13    82.33  3017.00
 1502.79   487.51    82.17  2880.00
 1423.15   488.80    82.92  3194.00
 1225.33   557.10    82.10  2478.00
  124.59   583.40    82.50  2939.00
  121.20   692.24    82.80  2578.00
 1468.29   768.01    82.04  2656.00
  993.31   786.00    83.10  3205.00
  184.66   874.18    83.05  2965.00
 1352.22   156.10    83.46  2865.00
  562.10   272.73    84.33  3222.00
  464.66   277.33    84.35  3005.00
  637.25   393.66    83.66  2807.00
 1244.08   495.23    84.46  3144.00
 1281.67   514.90    82.93  2519.00
 1486.38   814.44    82.96  2497.00
 1087.03   850.67    83.67  2849.00
 1296.43   260.92    83.97  2733.00
  171.12   466.52    84.94  3029.00
 1025.96   483.31    85.13  2881.00
  408.21   510.84    84.80  2742.00
 1063.97   587.46    84.77  2747.00
 1113.40   677.08    84.36  2909.00
 1336.70   715.02    83.69  2680.00
  384.27   911.60    84.67  2640.00
  122.92   153.38    84.95  2748.00
  578.98   533.23    85.85  2716.00
 1258.40   798.38    84.45  2436.00
  272.88   884.72    85.25  2608.00
 1121.23    79.77    87.22  3187.00
 1440.50    92.50    85.50  2324.00
 1213.36   312.07    86.80  2554.00
 1001.48   440.03    86.55  3203.00
 1423.42   456.26    85.60  2427.00
  638.29   534.44    85.53  2345.00
  973.70   804.21    86.94  2899.00
  958.16   937.49    85.63  2408.00
  863.55   958.66    87.30  2970.00
  308.23   196.59    87.64  2622.00
   81.98   229.38    87.52  2696.00
  860.62   309.13    87.82  3194.00
  551.10   360.22    87.12  2512.00
  195.89   505.30    86.49  2422.00
 1087.13   505.26    87.40  2845.00
 1211.61   546.95    87.27  2695.00
  344.77   736.02    87.90  3175.00
  919.89   760.47    86.47  2549.00
  248.56   178.51    88.15  2398.00
 1064.89   436.43    87.72  2408.00
 1397.21   535.03    87.45  2429.00
    8.18   558.74    89.18  2977.00
 1020.58   657.25    87.81  2661.00
  826.02   698.28    88.70  2623.00
 1346.65   130.72    89.07  2725.00
  711.21   151.67    88.48  2421.00
 1498.18   306.52    89.03  2669.00
  530.90   338.38    90.19  3248.00
 1141.57   392.75    88.46  2351.00
 1361.48   416.94    89.84  2911.00
  937.02   595.69    90.21  3020.00
 1039.72   765.65    89.97  2742.00
 1085.18   795.39    89.70  3096.00
  433.41   876.29    90.29  2859.00
  487.38    91.60    90.60  2525.00
 1221.06   192.89    89.39  2268.00
  824.32   250.30    90.38  2504.00
 1013.96   286.04    88.97  2444.00
  230.34   315.91    90.49  2812.00
 1108.09   366.41    89.35  2376.00
 1420.58   400.00    89.97  2835.00
  452.19   488.08    91.25  2920.00
  351.51   523.92    89.64  2420.00
  416.57   854.62    89.62  2382.00
  471.04   169.00    90.78  2362.00
  544.89   179.60    90.87  2616.00
 1221.72   206.77    90.67  2172.00
  990.87   211.83    90.91  2637.00
 1485.07   281.79    91.62  2798.00
 1483.43   300.56    91.05  2844.00
 1102.10   485.86    90.31  2364.00
  947.29   735.15    91.29  2642.00
 1031.76   768.27    91.31  2941.00
  111.68   859.23    91.93  2963.00
  423.64   892.81    91.28  2572.00
 1455.94   942.83    91.50  2388.00
 1529.43   944.48    90.48  2426.00
  875.56   152.38    91.90  2434.00
  332.33   289.52    92.30  2526.00
  174.50   345.25    92.10  2462.00
  637.63   412.00    92.45  2412.00
  446.24   414.09    92.45  2870.00
  935.93   667.73    92.20  2469.00
  853.73   764.88    92.38  2918.00
  165.63   841.39    92.36  2609.00
  445.72   188.57    93.77  2924.00
   81.62   307.90    92.55  2359.00
  842.80   331.09    92.78  2434.00
  957.84   388.73    93.39  2830.00
 1036.55   418.44    93.66  2764.00
 1145.03   565.67    94.07  3165.00
  221.46   756.89    93.72  2740.00
 1499.36   771.79    93.04  2315.00
  753.29   806.31    93.71  2635.00
 1318.97   934.58    93.67  2700.00
  532.90   665.36    94.07  2858.00
 1313.19   728.84    93.43  2488.00
 1076.56   796.75    94.20  2632.00
 1377.82   884.02    95.33  3088.00
  767.20   972.46    94.00  2569.00
  691.19    75.77    95.29  2845.00
 1207.86   249.02    95.22  2585.00
  599.26   304.56    95.30  2768.00
 1420.53   822.30    95.74  2514.00
 1043.80   829.63    94.91  2608.00
 1010.56   929.30    95.52  2563.00
  771.05   938.10    95.87  2981.00
  720.15   242.98    97.33  3066.00
 1169.94   328.50    97.10  2946.00
  673.39   544.66    96.70  3038.00
  265.85   574.28    96.41  2846.00
  192.96   606.86    96.44  2922.00
  955.29   607.16    95.63  2320.00
  159.26   865.45    96.04  2794.00
  618.89   945.19    96.19  2350.00
 1258.11   402.09    97.75  3001.00
 1459.21   471.63    97.17  2528.00
  217.80   579.39    97.41  2775.00
 1499.03   752.63    97.09  2839.00
 1020.16   161.45    97.78  2398.00
  872.49   289.88    98.80  2940.00
  943.20   344.39    97.35  2462.00
 1171.53   357.74    98.56  3039.00
  252.94   362.39    98.76  2170.00
 1139.80   532.81    99.03  2867.00
  129.31   541.62    98.23  2765.00
  837.67   636.95    98.88  2817.00
  634.10   852.69    98.52  2877.00
 1123.01   921.56    98.82  2887.00
  560.18   250.92   100.62  3168.00
  997.10   364.40    98.94  2420.00
  828.50   379.50    99.00  2568.00
 1181.79   434.36    99.19  2852.00
 1352.86   563.94    99.42  2741.00
  750.75   679.63    99.05  2447.00
  719.24   822.79    99.48  2298.00
 1035.85    70.66   100.60  2893.00
 1420.89   191.15   100.11  2655.00
  924.99   571.84   100.32  2752.00
  282.02   586.57   100.22  2641.00
 1159.32   828.10   100.44  3006.00
 1131.70   127.79   101.87  2770.00
  530.70   132.89   100.70  2523.00
  688.13   160.30   101.30  2940.00
 1169.97   162.86   101.77  3246.00
    9.53   228.87   101.75  2551.00
  704.70   499.86   101.74  2409.00
   71.86   729.76   101.25  2745.00
 1016.93    96.96   101.71  2276.00
 1312.55   358.02   102.02  2398.00
  849.48   542.17   102.80  2934.00
 1409.21   955.92   101.67  2475.00
 1019.81    86.16   102.03  2319.00
  816.46   621.67   103.03  2370.00
  838.48   621.37   104.65  2607.00
   32.75   647.75   103.60  2584.00
 1165.18   839.13   102.61  2424.00
 1129.30   138.86   104.60  3016.00
  346.81   187.81   104.10  2366.00
  952.54   268.69   103.96  2412.00
  790.05   298.49   103.73  2425.00
  425.92   358.76   103.62  2477.00
  842.46   466.48   105.34  3225.00
  463.87   547.44   104.02  2562.00
 1152.05   565.80   104.76  2791.00
   28.91   594.97   103.88  2407.00
 1064.58   811.75   103.58  2497.00
  602.95   832.16   106.25  2575.00
  892.51   898.77   104.78  2932.00
 1426.48   916.58   104.00  2513.00
  325.88   959.04   104.47  3080.00
  535.80   106.96   105.40  2619.00
  712.50   255.45   105.45  2741.00
 1184.68   406.74   105.16  2369.00
  789.86   412.80   104.87  2636.00
   29.05   618.71   105.33  2507.00
  618.98   887.67   105.22  2689.00
  904.63   900.70   104.43  2425.00
  326.68   947.14   104.79  2347.00
  600.95   254.29   105.95  2844.00
 1171.25   503.79   106.34  2856.00
 1462.42   682.58   105.83  2596.00
 1235.65   708.30   105.70  2418.00
  834.80   751.44   106.39  2524.00
  413.49   815.26   105.68  2609.00
 1218.32   919.50   105.88  2554.00
  223.85   103.25   108.25  2996.00
 1248.65   105.69   107.31  2362.00
  121.74   114.76   106.82  2421.00
 1199.60   156.74   107.06  2392.00
 1250.25   517.51   106.84  2708.00
 1291.49   517.66   106.77  2456.00
 1007.37   625.96   107.48  2892.00
 1072.44   650.35   107.14  2493.00
  867.62   722.91   108.19  2785.00
 1005.67   799.17   106.55  2456.00
 1382.98   919.12   106.78  2559.00
  219.20   394.49   108.38  2482.00
 1436.30   421.52   107.55  2336.00
  231.53   498.93   108.87  2994.00
   34.55   746.55   108.50  2619.00
  917.30   771.91   108.57  3090.00
 1397.36   922.96   107.88  2815.00
 1071.96   148.48   108.70  2232.00
 1454.58   231.14   108.31  2421.00
 1137.16   369.89   110.42  3079.00
 1030.49   656.30   110.01  2981.00
 1281.50   836.47   108.76  2627.00
 1405.11   889.36   110.05  3136.00
  678.06   912.70   109.23  2580.00
 1281.11   279.80   111.43  3215.00
  401.21   449.39   110.75  2844.00
  899.62   555.52   110.69  2916.00
  892.05   565.57   110.78  3267.00
 1238.00   652.76   109.50  2383.00
 1023.25   272.92   111.66  2810.00
    9.42   327.98   111.79  3028.00
 1241.68   535.60   110.81  2645.00
 1293.87   145.24   112.48  2717.00
 1153.01   261.87   112.46  3068.00
  536.65   365.18   112.32  2654.00
  909.00   422.48   112.77  3095.00
 1172.21   430.42   112.46  2944.00
 1226.74   468.27   112.41  2891.00
  982.22   759.02   111.89  2559.00
 1011.20   811.18   112.53  2861.00
  978.93   574.71   113.58  3083.00
 1213.12   586.22   112.65  2542.00
  867.14   606.97   113.80  3140.00
  981.13   854.32   113.43  3039.00
 1099.78   975.03   112.91  2317.00
  572.58   134.11   114.33  2964.00
 1289.39   203.81   113.61  2399.00
 1405.97   244.74   113.34  2452.00
 1028.70   249.57   114.00  2371.00
 1206.39   511.86   113.86  2596.00
  882.59   512.49   113.79  2385.00
 1441.00   515.44   114.35  2595.00
  253.30   772.37   113.37  2375.00
   12.22   858.20   113.78  2479.00
  675.83   874.29   114.94  2679.00
 1033.66   911.22   114.37  2672.00
  304.82   965.71   114.56  2895.00
 1296.13   975.76   113.71  2191.00
  190.54   243.09   115.50  2892.00
  891.25   265.31   115.47  3001.00
   84.53   474.14   115.47  2484.00
 1013.34   601.48   115.80  3140.00
 1399.81   624.40   115.69  2648.00
  156.27   714.06   114.39  2387.00
  991.19    57.46   116.32  2643.00
  117.68    79.28   116.46  2567.00
  404.40   151.09   116.34  2872.00
 1340.50   393.50   115.92  2493.00
  999.65   425.37   116.65  2094.00
  978.92   491.56   115.47  2417.00
  538.50   506.50   116.41  2662.00
 1028.25   530.20   116.70  3008.00
 1343.95   734.65   116.36  2932.00
  530.44   128.26   116.52  2305.00
  201.11   166.00   117.37  3052.00
  854.54   336.60   118.02  2988.00
 1516.30   705.88   117.21  2565.00
 1295.40   187.20   117.88  2427.00
 1064.05   325.27   118.03  2704.00
  458.64   444.39   119.13  2953.00
  533.78   480.55   119.35  3190.00
   38.58   620.52   118.17  2873.00
  950.73   798.37   118.59  2849.00
   99.54   888.91   118.30  2560.00
 1062.82   315.24   118.82  2432.00
  383.46   331.67   118.77  2548.00
  331.20   504.13   120.11  2900.00
 1497.75   642.06   118.44  2398.00
 1159.08   691.44   118.72  2581.00
 1006.09   366.55   119.33  2429.00
 1435.63   504.37   119.92  2573.00
  270.53   666.70   120.02  2634.00
  826.70   786.96   120.30  2575.00
  226.33   845.68   119.95  2654.00
 1420.19   106.40   121.43  2695.00
  668.48   195.17   121.73  2931.00
  936.90   310.44   120.69  2731.00
  895.79   382.94   121.65  2927.00
  619.71   497.35   121.19  2544.00
 1147.87   513.03   121.21  2518.00
 1112.58   539.64   120.64  2423.00
 1135.93   770.04   122.44  3234.00
 1033.34   775.92   121.19  2537.00
 1443.35   781.85   120.56  2436.00
 1290.06   854.08   120.60  2570.00
 1364.88   861.25   121.30  2753.00
 1310.71   224.85   122.37  2864.00
  800.26   332.11   122.28  2955.00
 1043.77   342.94   121.45  2329.00
  198.86   498.67   121.50  2481.00
 1032.28   579.23   121.93  2515.00
  955.78   597.71   122.82  3096.00
  271.73   722.83   122.76  2763.00
 1284.14   976.43   123.29  2390.00
  111.87   154.41   122.87  2734.00
  749.35   190.33   123.86  2941.00
  418.27   207.19   123.57  2968.00
 1061.75   296.33   122.46  2528.00
  474.87   371.80   123.76  2932.00
 1242.35   417.65   122.50  2481.00
 1437.00   492.80   124.34  3104.00
 1384.12   721.16   122.47  2597.00
  702.00   182.00   123.56  2471.00
 1376.52   192.10   124.92  2753.00
  950.33   315.79   123.92  2406.00
 1183.36   414.89   124.61  2686.00
  444.49   437.15   124.15  2656.00
  874.34   594.22   124.94  2931.00
 1322.56   628.81   124.58  3112.00
 1374.09   674.57   124.44  2588.00
  390.46   859.90   123.51  2453.00
 1213.19   958.57   123.79  2473.00
  883.14   187.63   125.38  3247.00
  169.87   234.64   124.97  2728.00
 1252.65   243.03   124.87  2402.00
  515.14   342.72   125.46  2855.00
  333.94   530.57   125.42  2839.00
  698.45   611.39   124.76  2500.00
 1429.64   141.32   126.15  2402.00
 1202.84   145.23   126.18  2693.00
  774.61   158.41   126.57  2633.00
  894.64   195.97   126.44  2956.00
  915.76   248.43   126.75  3060.00
 1147.13   333.13   125.32  2379.00
 1179.35   368.67   126.16  2692.00
 1340.90   509.24   126.00  2563.00
  877.02   727.09   126.74  2616.00
  530.77   782.33   126.39  2561.00
   70.92   854.85   125.48  2355.00
 1212.50   903.60   126.10  2329.00
 1116.91   952.84   125.49  2479.00
  695.89    87.26   127.20  2354.00
 1423.33   250.57   126.50  2482.00
 1245.99   264.96   128.03  3056.00
 1245.62   291.74   126.92  2797.00
  298.20   540.37   127.11  2651.00
  339.07   792.12   127.07  2462.00
 1395.17   799.09   127.57  2372.00
  201.41   163.89   128.32  2473.00
 1394.31   179.10   127.21  2351.00
 1457.75   335.60   128.08  2639.00
  796.78   535.89   127.15  2353.00
   98.40   553.40   128.29  2924.00
  862.01   587.02   129.07  3080.00
  284.35   728.55   128.15  2755.00
   46.21   126.65   129.51  3054.00
 1143.23   213.56   129.06  2916.00
 1086.16   228.84   129.48  2749.00
 1108.02   269.80   129.15  3085.00
 1335.35   339.35   128.71  2434.00
  785.52   524.45   130.02  3111.00
 1197.43   525.29   128.67  2486.00
 1417.72   705.96   129.84  3182.00
  715.49   972.51   129.41  2428.00
  598.43    88.38   130.30  2526.00
  659.03   155.45   129.30  2337.00
  805.55   208.58   129.76  2382.00
 1120.65   233.09   130.18  3071.00
 1393.12   284.26   129.81  2547.00
 1116.18   352.35   130.59  2886.00
 1119.96   373.99   131.00  2982.00
 1451.79   438.61   129.54  2298.00
 1209.78   526.57   129.78  2483.00
  825.93   568.54   130.43  2656.00
 1441.80   764.36   129.98  2368.00
  285.16   200.69   131.23  2618.00
 1329.79   234.21   131.69  3039.00
  238.07   263.93   130.44  2323.00
  615.19   401.69   131.00  2622.00
 1186.54   740.36   131.18  2710.00
  189.54   813.25   131.40  2586.00
 1225.45   159.52   132.97  2911.00
 1347.25   328.86   132.56  2862.00
 1130.61   585.69   131.97  2338.00
  537.86   670.14   132.91  2842.00
  601.31    53.11   133.68  2444.00
 1341.21    90.61   133.82  3126.00
 1292.08   168.45   133.25  2558.00
  292.45   188.90   132.48  2401.00
 1051.84   246.23   133.52  2962.00
  553.92   275.97   133.69  2913.00
 1149.83   423.85   134.15  3077.00
  216.72   509.40   133.64  2615.00
  322.43   544.88   133.55  2794.00
  822.23   579.85   132.66  2586.00
 1299.75   658.97   132.31  2390.00
 1243.57   710.87   133.09  2598.00
  276.90   767.58   132.88  2626.00
  645.71   795.47   133.61  2843.00
 1264.64   915.17   133.06  2465.00
  929.98   974.64   134.21  2872.00
 1522.16   975.45   132.29  2306.00
  779.95   267.04   134.94  2976.00
 1471.76   431.24   133.73  2557.00
  717.75   519.82   134.46  2470.00
 1309.71   805.70   134.69  2912.00
   98.42   926.31   133.47  2292.00
  949.51   951.21   134.28  2925.00
 1347.06    77.71   134.94  2414.00
  721.09   219.19   135.52  2935.00
   86.02   268.15   135.59  2752.00
 1323.04   401.52   135.12  2736.00
  821.98   682.94   135.54  3188.00
 1236.67   688.72   135.37  2944.00
  978.65   697.85   135.60  2651.00
  156.83   920.28   134.95  2329.00
  109.96   133.24   136.54  2691.00
  971.05   136.50   136.44  2660.00
  927.74   247.32   136.93  2930.00
  708.46   325.85   136.23  2527.00
  702.33   496.36   136.38  2397.00
  242.87   605.03   135.33  2414.00
  128.48   661.25   136.57  2632.00
  520.58   740.08   136.48  2678.00
  265.62   767.66   135.88  2564.00
 1393.91   844.06   136.56  2895.00
  321.14   895.03   135.69  2475.00
 1531.44   905.38   136.31  2339.00
  983.47   289.69   137.32  3078.00
  304.79   558.40   137.23  2732.00
    6.00   610.64   137.97  3187.00
  239.06   621.34   137.11  2698.00
   13.52   622.07   136.28  2314.00
 1183.56   790.85   136.85  2550.00
  340.87   821.33   138.30  3088.00
  384.23   847.49   136.97  2649.00
 1160.86   915.79   137.29  2563.00
  930.22   407.00   137.89  2591.00
  366.02   428.45   138.02  2669.00
 1058.01   515.13   138.64  2625.00
  696.26   618.03   138.38  2453.00
 1162.12   727.01   139.41  3076.00
 1110.64   807.69   138.29  2550.00
  573.20   969.80   138.44  2522.00
    2.42    76.48   139.80  2747.00
  658.35   151.41   139.15  2363.00
   24.90   330.47   139.02  2529.00
   82.15   362.87   139.43  2967.00
  464.97   675.70   139.90  2996.00
 1370.18   702.46   139.63  2860.00
  427.65   718.50   139.81  2985.00
  687.13   852.74   138.69  2440.00
  649.12   903.80   138.80  2640.00
  768.07   933.54   138.46  2313.00
  402.00   106.10   139.55  2335.00
  123.10   208.04   140.01  2746.00
 1408.50   308.50   139.50  2535.00
   51.23   386.50   140.21  2867.00
 1174.60   452.89   139.94  2645.00
  114.62   545.00   139.43  2478.00
 1033.68   640.19   141.00  3110.00
  990.91   888.89   140.78  2886.00
  640.23   953.97   139.30  2383.00
 1131.83    74.74   141.40  2747.00
  705.50   155.09   142.37  3061.00
 1361.99   188.84   141.39  2946.00
    1.87   330.28   142.22  3050.00
 1031.22   379.79   142.11  3109.00
  699.89   388.28   141.33  2941.00
 1376.04   688.42   141.43  2660.00
 1117.24   704.65   141.30  2714.00
 1141.50   947.00   140.42  2419.00
 1039.15   534.46   141.82  2433.00
  888.24   646.03   141.97  2382.00
  484.11   702.28   142.32  2824.00
 1256.09   832.50   142.54  2821.00
  662.90   143.94   142.94  2619.00
  915.52   174.17   141.97  2286.00
  717.53   193.68   142.87  2555.00
  827.82   399.63   143.35  2857.00
  629.67   420.43   143.08  2482.00
  106.17   446.36   143.30  3016.00
 1078.11   460.40   143.49  2747.00
 1419.13   601.57   143.60  2820.00
 1198.82   641.72   143.55  2987.00
  511.31   682.23   142.87  2583.00
 1052.07   690.28   143.19  2605.00
  187.81   895.91   143.86  2502.00
 1360.89   274.39   144.49  2790.00
  196.39   374.51   143.99  2796.00
 1243.04   410.93   143.78  2382.00
   13.21   519.79   143.54  2296.00
 1465.60   693.10   143.45  2449.00
 1268.51   823.76   143.39  2362.00
  740.83   130.15   145.31  2593.00
  521.53   144.58   145.29  2641.00
 1356.55   195.62   145.59  2786.00
  332.88   209.68   144.84  2790.00
  115.17   444.76   145.08  2742.00
  171.64   473.50   144.57  2438.00
  131.64   648.89   145.54  3235.00
 1515.90   684.54   145.33  2940.00
 1386.52   879.97   144.52  2571.00
  239.62    72.81   145.93  2475.00
 1164.80   231.78   145.78  2501.00
  979.14   233.93   145.68  2388.00
   32.27   335.38   146.56  3109.00
 1134.42   429.81   146.15  2906.00
 1419.75   456.94   146.71  2892.00
 1518.82   656.49   145.78  2539.00
  895.96   846.13   146.03  2575.00
  920.40   952.04   146.55  2972.00
 1341.86   395.56   146.79  2568.00
 1028.98   489.35   148.34  2993.00
  449.72   658.39   147.20  2783.00
 1086.39   740.38   148.12  2746.00
 1190.98   780.51   147.89  2707.00
 1390.43    77.88   147.67  2523.00
  420.90   514.05   147.75  2532.00
 1099.12   529.60   148.00  2677.00
 1299.36   667.23   147.85  2570.00
 1151.05   702.62   148.57  2601.00
 1023.91   714.77   148.63  3146.00
 1179.51   777.85   149.43  2805.00
 1442.26   835.93   148.92  2832.00
  887.24   847.31   148.87  3007.00
 1258.25   880.68   148.63  2972.00
  893.29   244.32   149.85  2986.00
  233.44   333.65   148.85  2506.00
  289.96   367.62   150.00  3006.00
 1140.04   370.63   149.48  2956.00
  545.87   527.87   148.63  2383.00
 1077.67   605.59   149.36  2468.00
  232.94   611.50   149.81  2850.00
 1516.03   634.72   148.93  2528.00
  860.47   707.35   148.53  2438.00
 1354.47   270.30   150.70  2426.00
 1199.12   536.75   150.69  3182.00
  859.03   572.29   149.49  2396.00
  471.53   759.44   149.21  2334.00
  746.20   796.51   149.62  2501.00
    2.22   944.10   151.38  3345.00
 1090.11   101.24   150.57  2459.00
 1186.34   144.74   152.17  2988.00
  251.07   448.28   151.07  2352.00
  968.66   452.30   151.42  2985.00
  872.18   459.30   151.78  2750.00
  172.95   300.70   152.65  2791.00
  291.49   307.59   152.75  2806.00
 1258.63   484.82   152.99  3004.00
  351.01   536.22   152.72  2681.00
  688.63   771.00   152.71  2744.00
  391.19   895.24   151.68  2444.00
  728.83   109.42   153.25  2373.00
  831.58   187.25   154.16  2880.00
 1462.64   232.73   153.39  2696.00
  491.09   262.97   153.61  2732.00
  949.70   402.17   153.18  2761.00
 1141.01   586.29   153.49  2769.00
 1041.58   766.82   153.20  2525.00
  821.83   772.49   153.64  2789.00
  788.53   867.95   153.77  2878.00
 1406.96   901.04   152.61  2308.00
  604.29   917.80   152.93  2687.00
  278.37   103.63   153.89  2399.00
  890.09   129.88   154.52  2949.00
 1240.50   200.19   154.09  2532.00
  890.89   425.04   154.66  2659.00
  444.24   464.60   154.79  2907.00
 1216.61   465.11   154.47  2808.00
   43.25   489.31   154.49  2967.00
 1030.30   516.89   154.96  3176.00
  848.19    78.60   156.42  2525.00
 1522.69   391.41   154.86  2382.00
  237.25   459.63   155.40  2490.00
 1270.22   666.95   155.34  2197.00
 1518.00   810.50   154.94  2628.00
 1294.82   827.83   155.24  2834.00
  217.80   123.48   157.01  2793.00
  835.50   129.06   155.16  2355.00
 1307.52   150.68   156.05  2633.00
 1029.11   373.47   156.42  2852.00
  369.15   520.81   157.03  2709.00
 1518.62   564.74   155.76  2400.00
 1519.70   623.42   156.22  2650.00
  919.03   737.42   156.36  2620.00
  618.93   892.00   155.93  2372.00
  797.17   374.67   158.50  3105.00
 1421.61   547.97   156.24  2487.00
 1015.98   709.50   157.93  3207.00
  698.21   944.33   157.34  2716.00
  353.57   207.86   158.99  3265.00
 1287.89   231.27   158.95  3123.00
  164.29   387.27   158.71  2990.00
  518.75   540.47   158.86  3061.00
  918.97    90.71   159.68  2553.00
  360.28   199.00   158.94  2469.00
  398.16   221.43   159.17  2301.00
  750.63   436.00   159.77  2506.00
 1285.55   597.10   158.61  2273.00
  500.24   755.52   159.40  2762.00
 1038.22   775.38   159.05  2431.00
  626.17   885.19   158.50  2420.00
 1217.58   155.26   159.53  2493.00
 1365.59   188.51   159.70  2665.00
 1090.02   189.73   161.11  3021.00
  938.90   250.45   160.38  2630.00
 1108.04   352.01   160.50  2618.00
    1.71   367.17   160.50  2797.00
  409.31   380.00   159.49  2424.00
  330.68   448.22   160.18  2527.00
  337.70   450.03   159.30  2340.00
 1454.47   484.30   159.83  2562.00
  891.42   516.10   160.41  2935.00
 1438.73   790.36   159.61  2380.00
 1205.55   852.78   160.00  2663.00
  846.06   898.19   160.77  3106.00
  688.17   968.49   159.57  2309.00
   67.62   181.44   161.73  3085.00
  120.24   278.73   160.98  2549.00
 1104.16   397.92   160.74  2637.00
 1385.34   599.27   161.00  2829.00
 1357.46   625.89   161.00  2417.00
  943.31   736.05   161.77  2956.00
 1529.39   799.48   160.85  2415.00
 1050.62   958.74   161.26  2517.00
  540.39   115.95   162.14  2392.00
 1468.34   235.70   162.75  2422.00
  763.39   259.45   162.75  2632.00
  876.88   518.06   162.16  2661.00
   26.72   536.52   162.44  2588.00
 1392.44   607.40   161.71  2454.00
 1226.66   741.45   162.20  2599.00
  989.53   787.80   162.53  2894.00
  508.49   821.47   161.98  2378.00
 1442.54   858.17   161.83  2636.00
  866.98   966.38   161.73  2453.00
 1078.99   171.90   163.06  2767.00
 1467.84   183.57   163.43  2891.00
 1395.61   266.46   163.31  2663.00
 1461.18   276.70   164.01  3014.00
  805.18   395.28   163.17  2793.00
  437.50   472.61   162.33  2324.00
 1159.81   574.41   162.44  2342.00
 1061.53   762.47   163.48  2653.00
  838.24   904.73   163.36  2524.00
 1433.07   932.93   162.24  2396.00
  934.62    97.26   163.46  2431.00
 1356.09   157.82   165.02  3042.00
 1061.22   203.57   164.73  2939.00
 1523.00   610.78   165.34  2401.00
 1075.18   672.43   164.09  2860.00
  253.93   732.72   163.93  2538.00
 1192.01   803.89   164.56  2584.00
 1520.37   848.30   163.47  2287.00
  566.14   932.53   164.41  2553.00
  547.99    66.05   165.40  2792.00
 1060.71   132.78   165.31  2415.00
  719.77   201.64   165.09  2552.00
  280.85   361.16   165.93  3242.00
  292.49   383.73   165.55  2579.00
  323.04   673.86   165.37  2625.00
 1413.18   775.25   164.46  2299.00
  849.08   775.96   165.61  3118.00
 1327.19    98.20   166.71  2771.00
 1276.18   118.11   165.92  2660.00
 1250.99   263.81   166.24  2672.00
  125.47   283.53   166.20  2379.00
  470.60   452.57   165.46  2406.00
 1078.01   526.95   166.40  2768.00
  713.18   583.79   166.36  2469.00
  977.78   781.66   166.24  2940.00
   45.35   961.57   166.78  2515.00
  466.81   548.98   167.73  2819.00
 1322.02   604.26   167.75  3157.00
  609.51   889.69   168.19  2925.00
 1434.47   979.41   167.72  2777.00
 1034.88   103.04   167.68  2567.00
   63.23   215.23   167.32  2394.00
 1043.11   226.24   168.99  3030.00
   36.22   248.77   168.39  2844.00
   52.77   344.58   168.49  2897.00
  314.14   343.61   167.39  2354.00
  545.55   407.49   169.23  2861.00
  659.43   710.31   169.07  2874.00
 1419.14   777.69   167.83  2363.00
   67.65   835.64   168.81  3047.00
 1220.62   940.81   168.08  2568.00
  986.41   960.50   167.41  2341.00
 1029.59    91.83   168.50  2417.00
  223.50   335.12   168.41  2370.00
 1328.94   458.24   169.28  2886.00
  561.48   762.56   169.31  2369.00
  779.22    75.03   169.81  2417.00
  347.69   148.67   170.63  2690.00
  604.71   240.24   171.09  3026.00
  166.26   340.76   170.40  2799.00
 1113.36   340.71   170.99  2985.00
 1175.97   452.03   170.53  2732.00
  300.81   550.76   170.18  2896.00
 1068.42   666.15   170.04  2789.00
  681.89   673.79   170.07  2365.00
  674.01   681.61   170.30  2921.00
  567.98   851.63   170.56  2529.00
  500.53   876.37   169.96  2515.00
  530.66   176.73   171.33  2887.00
  823.73   196.99   171.96  2884.00
  968.85   320.14   171.87  2827.00
 1329.54   349.46   170.91  2475.00
 1343.77   360.68   171.11  2804.00
  464.03   373.01   171.41  2936.00
 1131.62   765.26   171.02  2494.00
  425.63   100.15   171.49  2490.00
 1431.50   275.01   173.24  2761.00
  885.93   280.00   172.33  2978.00
   16.81   467.03   171.78  2578.00
 1191.61   508.74   173.12  3047.00
  279.83   586.38   173.10  2944.00
  796.96   693.39   171.82  2345.00
 1092.55   732.00   173.04  3008.00
 1289.76   749.74   172.53  2824.00
   59.00   252.57   172.57  2321.00
 1122.02   333.69   173.56  3181.00
  910.80   379.20   172.87  2359.00
  671.94   403.06   173.42  2465.00
  917.73   423.93   173.39  3148.00
 1189.32   444.58   173.44  2931.00
  341.77   474.87   174.07  2907.00
  346.10   498.54   173.47  2905.00
 1134.27   638.73   173.02  2824.00
 1318.94   789.89   172.49  2455.00
 1475.92   906.51   174.04  2761.00
 1118.45   130.89   174.69  2628.00
  676.68   311.05   174.27  2383.00
 1474.95   588.21   174.61  3072.00
 1531.05   595.80   173.82  2443.00
 1426.71   669.19   174.36  2505.00
  934.39   768.61   174.27  2772.00
  632.34   843.85   173.99  2735.00
  603.32   395.10   176.11  2927.00
  674.24   420.21   175.52  2652.00
 1498.59   561.62   174.98  2828.00
  971.69   587.53   175.16  2600.00
 1351.85   659.04   175.12  2742.00
 1042.89   822.50   175.66  2955.00
  766.59    64.34   176.16  2427.00
 1254.56   185.23   175.75  2587.00
 1410.59   200.40   175.97  2799.00
  476.33   556.57   176.52  2799.00
 1391.32   577.77   175.68  2651.00
  744.06   123.28   177.25  2305.00
 1442.58   205.27   177.03  2600.00
 1480.53   328.87   176.40  2217.00
 1140.84   356.30   177.41  2550.00
 1467.68   714.55   177.56  3040.00
 1081.54   723.02   177.48  3061.00
   37.51   819.98   176.38  2381.00
  761.54    80.02   178.42  2957.00
 1131.94   320.01   178.40  2444.00
  371.83   384.24   178.29  2663.00
  878.45   413.27   178.41  2580.00
   54.57   617.54   177.29  2271.00
   10.61   665.15   177.52  2409.00
 1264.91   882.79   178.22  2713.00
  976.13   911.88   178.50  3098.00
  743.01   929.93   179.14  3139.00
 1000.34   929.68   177.82  2571.00
   43.77   165.87   178.20  2384.00
 1262.85   168.07   179.22  2553.00
  370.71   283.90   178.74  2398.00
 1223.18   833.36   178.67  2310.00
  863.51   249.36   179.57  2465.00
 1036.03   305.06   179.35  2400.00
 1397.64   537.47   179.85  2518.00
  817.13   148.05   180.87  2479.00
  696.44   157.40   180.44  2428.00
 1140.53   265.49   180.81  2461.00
 1365.38   377.25   180.56  2310.00
 1124.77   510.00   181.41  3255.00
  908.75   525.11   181.23  2629.00
  105.24   235.40   183.16  2790.00
  360.48   453.36   183.25  3014.00
  878.14   701.85   182.90  2705.00
    4.99   810.03   181.84  2410.00
  942.01   171.11   183.81  2892.00
   35.43   249.88   183.47  2584.00
  253.46   336.40   182.90  2548.00
 1006.36   447.20   182.58  2475.00
 1371.50   650.67   183.09  2655.00
 1120.41   720.30   182.78  2616.00
 1053.48   878.74   183.41  2771.00
  372.91   328.35   184.88  2821.00
  966.94   491.79   184.43  2532.00
   48.35   500.46   184.32  2758.00
 1306.64   731.54   183.36  2469.00
  920.96   903.44   184.67  2758.00
 1027.12   313.75   185.10  2716.00
  334.73   386.63   184.40  2313.00
 1241.61   505.13   185.94  3144.00
 1230.44   614.91   185.69  2660.00
  463.33   660.17   184.67  2537.00
 1300.09   877.09   184.93  2622.00
  779.63   936.25   185.30  2647.00
  836.32    96.89   186.14  2724.00
  487.76   348.82   185.45  2350.00
 1276.20   400.50   185.93  2440.00
  708.61   710.81   185.90  2628.00
  141.66    95.14   186.83  2346.00
 1353.85   259.42   188.17  3152.00
 1184.60   450.29   187.08  2625.00
 1116.21   526.86   187.36  2748.00
 1325.59   765.41   186.38  2376.00
 1451.27    59.73   188.64  2761.00
  116.69   347.94   188.95  2859.00
 1473.86   431.22   188.35  2491.00
 1379.94   447.96   188.52  3147.00
  801.93   743.39   188.52  2597.00
  901.25   918.00   188.78  2725.00
  110.00   171.31   189.84  2716.00
  154.15   226.36   189.51  3128.00
 1196.38   502.62   188.82  2533.00
 1428.02   523.56   188.84  2596.00
 1181.09   533.52   188.90  2652.00
 1313.97   141.70   190.80  2635.00
 1223.72   719.00   190.53  2817.00
  734.95   223.69   191.11  2610.00
   84.23   234.68   191.37  2955.00
   76.64   237.42   191.06  2487.00
  729.43   329.64   191.02  2445.00
  797.03   433.06   191.51  2868.00
  362.89   508.32   190.46  2375.00
 1287.21   579.80   191.05  2781.00
 1214.33   660.63   191.50  3060.00
 1475.85    63.38   192.82  2588.00
  570.40   199.91   192.41  2841.00
  105.06   234.30   192.89  2485.00
  739.86   300.09   191.98  2704.00
 1157.70   536.56   192.14  2655.00
  486.11   635.02   192.25  2793.00
 1084.03   641.51   191.97  2568.00
  860.68   646.59   191.92  2402.00
  141.69   153.16   193.67  2866.00
 1009.28   204.44   193.41  2658.00
  889.23   288.73   194.31  3061.00
 1450.02   355.83   193.43  3007.00
 1414.80   482.68   192.63  2472.00
  562.61   669.06   192.61  2399.00
   63.13    75.61   194.91  3023.00
   33.64   102.12   194.12  2638.00
 1229.22   302.13   194.16  3018.00
 1194.75   328.35   193.50  2455.00
 1216.68   338.91   195.32  3141.00
 1257.97   414.12   193.39  2432.00
   10.49   507.57   194.14  2362.00
 1452.46   790.62   194.81  2483.00
  959.45   922.04   194.38  3001.00
 1206.24    71.21   194.56  2343.00
 1208.00   234.36   195.72  3140.00
  973.93   492.59   195.26  2557.00
 1527.17   701.17   193.86  2266.00
 1418.77    95.47   195.20  2340.00
 1520.96   154.04   195.71  2366.00
 1175.63   949.47   196.66  2655.00
  143.44   163.28   196.53  2492.00
  369.44   236.69   197.17  2631.00
  386.55   392.98   198.15  3112.00
 1510.63   421.74   196.88  2726.00
  652.77   603.69   199.14  2654.00
  905.05   711.69   197.94  2955.00
 1403.14   723.78   197.28  2930.00
  859.00   729.69   197.26  2523.00
  613.08   190.72   198.33  2656.00
  279.87   307.72   198.28  2451.00
  274.37   316.67   197.47  2509.00
 1494.90   725.86   197.93  2369.00
  853.52   926.87   197.93  2590.00
  188.37    63.41   199.43  2887.00
  724.84   188.91   198.95  2551.00
  282.85   219.81   198.56  2309.00
 1019.79   443.57   198.60  2346.00
  862.61   750.50   198.91  2475.00
  598.49   108.01   200.82  2571.00
 1098.12   174.56   200.59  3019.00
 1419.59   396.91   200.00  2532.00
 1233.23   455.37   200.28  2438.00
 1507.65   555.50   200.00  2410.00
 1420.10   626.51   200.49  2784.00
 1376.74   654.51   199.31  2430.00
  659.41   669.31   199.88  2570.00
  943.52   764.98   200.61  2998.00
  163.08   874.66   200.32  2599.00
 1394.69   912.51   200.20  2828.00
  287.45   154.50   200.69  2600.00
 1356.63   377.41   200.86  2534.00
  712.36   528.23   200.82  2434.00
  539.58   601.06   202.34  2913.00
  792.84   606.69   200.55  2552.00
  784.34   611.20   200.70  2532.00
  954.85   610.85   201.03  2310.00
  635.39   620.50   200.67  2379.00
  226.78   828.58   201.63  2676.00
  249.07    79.08   202.30  2386.00
   64.75   202.96   202.90  2802.00
 1167.19   239.48   201.00  2295.00
  541.55   324.60   202.81  3006.00
 1112.71   334.65   201.89  2553.00
  600.89   957.66   201.53  2411.00
  897.81   169.02   203.47  2882.00
 1250.23   354.74   203.72  2880.00
 1060.76   496.31   202.67  2473.00
 1097.44   550.79   203.38  2841.00
  394.75   614.55   203.69  2665.00
  663.16   632.47   204.60  2908.00
 1210.95   788.49   203.08  2680.00
  662.61   129.50   204.02  2551.00
  882.35   201.14   204.66  3151.00
 1147.00   468.28   203.15  2308.00
 1530.98   830.11   205.02  3047.00
  305.30   877.58   204.41  2758.00
  230.14    84.97   205.31  2489.00
  237.20   157.19   205.82  2987.00
 1176.41   181.51   204.95  2801.00
 1038.51   286.01   205.63  2706.00
  625.69   601.69   205.14  2383.00
 1415.88   731.40   205.47  3103.00
 1426.93   739.15   204.74  2408.00
  979.60   961.58   205.02  2534.00
  228.09   112.48   206.55  2837.00
  931.39   228.25   205.94  2423.00
  160.59   347.96   206.78  2772.00
 1102.64   412.06   206.07  2754.00
  493.47   484.36   206.05  2707.00
  791.04    54.91   207.41  2546.00
  525.62   134.25   207.00  2737.00
  847.95   261.35   206.92  2581.00
 1259.97   334.46   207.58  2748.00
  929.40   547.13   208.03  2668.00
  114.19   688.56   206.92  2394.00
 1213.16   772.64   208.19  3030.00
  913.78   792.16   207.97  2996.00
 1428.67   952.64   206.54  2371.00
  209.00   184.27   208.66  2922.00
 1066.44   387.50   207.69  2333.00
  667.12   432.44   208.12  2453.00
  910.19   540.68   208.63  2945.00
 1235.92   669.06   207.96  2793.00
 1453.48   684.37   207.90  2540.00
 1016.27   797.36   208.58  2807.00
  101.81   113.43   208.40  2441.00
  115.53   115.63   209.23  2598.00
  768.73   654.94   209.95  2788.00
 1153.03   795.39   209.32  2201.00
  829.84   816.21   210.05  2871.00
  428.36   132.03   210.00  2617.00
 1147.02   270.56   210.41  2904.00
  419.93   382.21   210.61  2908.00
 1096.34   592.91   210.95  2900.00
  768.16   830.24   209.71  2571.00
  539.07   875.67   211.10  2921.00
   21.48   925.82   210.46  2696.00
 1305.14    68.72   210.58  2361.00
 1406.00   348.61   211.99  2934.00
  687.60   507.57   211.63  2690.00
 1461.06   532.73   211.44  2783.00
 1481.48   630.86   212.51  2649.00
  706.55   633.90   210.38  2202.00
 1153.47   253.26   211.72  2410.00
 1461.30   498.05   212.80  2912.00
  889.20   798.08   212.42  2773.00
 1192.96   193.30   213.95  2993.00
  239.16   296.68   213.06  2409.00
  529.32   564.43   212.54  2326.00
  777.88   820.61   212.39  2374.00
 1141.49   884.93   213.24  2470.00
 1194.35   907.31   213.63  2490.00
 1401.00    94.66   214.34  2637.00
  103.89   107.64   213.96  2312.00
  678.22   201.27   214.46  2608.00
  803.89   597.59   214.71  2989.00
 1450.30   598.91   213.67  2387.00
 1368.41   686.60   213.90  2621.00
  941.36   705.98   213.56  2416.00
  614.92   720.03   214.59  2926.00
 1059.59   819.76   213.88  2414.00
 1469.82   938.76   214.04  2736.00
  314.02    88.21   215.26  2447.00
  480.36   100.82   216.36  3043.00
  390.43   136.74   215.02  2537.00
  348.15   631.16   215.69  2843.00
 1249.79   760.79   214.77  2705.00
 1184.49   857.29   215.36  2395.00
  145.42    82.09   215.51  2429.00
  954.58   122.07   216.45  2850.00
 1340.77   513.66   215.43  2513.00
 1248.76   564.14   215.96  2875.00
  204.79   122.70   217.67  2649.00
  691.56   173.84   217.56  2645.00
  618.80   452.85   217.32  2435.00
  769.29   722.48   218.16  2874.00
  942.00   844.87   216.87  2486.00
 1010.55   310.64   217.79  2608.00
 1009.72   541.46   218.35  2760.00
 1095.33   811.78   218.93  2961.00
  919.97   240.60   219.48  2921.00
  938.71   529.84   219.84  2943.00
 1405.09   970.65   219.42  2698.00
  849.27    67.77   219.60  2530.00
 1035.54   243.64   220.89  2884.00
  476.81   248.49   220.24  2775.00
 1030.62   252.40   219.40  2449.00
  353.32   304.11   219.71  2367.00
  981.08   319.79   219.94  2760.00
 1176.15   431.91   220.74  2686.00
 1039.94   609.23   220.75  2929.00
  895.17   867.03   219.83  2483.00
  886.45   894.21   220.23  2679.00
  989.90   161.57   221.91  2851.00
 1073.04   244.95   221.96  2976.00
 1006.60   296.90   220.90  2667.00
 1090.97   353.91   222.12  2950.00
  765.08   530.00   220.69  2393.00
  653.07   785.47   221.32  2643.00
  924.19   904.78   220.63  2378.00
  349.18   139.42   222.30  2557.00
  857.89   147.05   221.89  2623.00
  791.32   420.05   222.83  2772.00
 1405.33   448.50   222.17  2348.00
  509.23   719.30   221.45  2499.00
 1109.40   864.61   222.37  2876.00
  247.82   963.73   222.59  2689.00
 1207.13   359.37   222.96  2664.00
  879.66   650.42   223.24  2647.00
  874.74   933.26   222.76  2601.00
 1260.35   128.18   223.38  2303.00
  812.08   346.19   223.56  2411.00
  853.22   594.64   224.34  2684.00
 1449.45   701.37   223.83  2615.00
 1098.50   841.57   224.16  2445.00
  513.33   174.49   225.20  2789.00
  379.64   203.36   224.50  2370.00
  981.90   208.68   225.17  2853.00
  194.71   261.06   225.25  3014.00
  164.95   335.80   226.00  2818.00
  881.36   488.39   225.75  2747.00
  667.99   637.07   225.44  2966.00
  918.17   974.61   225.80  2607.00
 1388.01   184.16   226.33  3039.00
  452.50   356.00   226.50  2986.00
 1200.29   362.68   226.07  2587.00
  530.92   417.74   226.66  2928.00
 1040.80   686.46   226.65  2787.00
  937.54   974.57   225.78  2374.00
 1222.89   142.80   227.58  3100.00
  619.93   147.96   227.14  2699.00
 1081.74   321.08   227.18  2814.00
 1303.21   335.00   226.63  2414.00
 1371.40   364.74   227.53  2816.00
  477.70   385.41   226.59  2313.00
 1260.60   753.98   228.35  3201.00
  242.41   111.94   227.22  2332.00
 1489.96   188.61   228.73  2990.00
 1434.52   530.49   228.14  2643.00
 1350.75   533.94   229.38  2827.00
 1529.79   584.09   229.47  2970.00
 1099.67   786.67   228.59  2441.00
 1407.34   906.12   230.07  3056.00
  895.68   631.19   229.68  2438.00
  572.13   692.07   230.59  3110.00
  809.77   809.50   230.84  2905.00
  955.22   922.53   229.81  2701.00
 1021.85   216.16   232.00  3041.00
 1213.25   249.17   232.14  3017.00
 1362.65   641.72   230.99  2815.00
  787.79   678.53   231.04  2626.00
 1272.17   713.84   231.58  2832.00
 1388.59   875.29   230.65  2528.00
 1383.68   348.74   231.96  2675.00
  756.15   412.99   232.94  2787.00
  883.20   445.87   232.51  2913.00
 1490.28   485.28   231.83  2673.00
  654.28   507.23   232.59  2611.00
  709.33   516.17   232.04  2540.00
 1293.80   623.29   232.48  2723.00
 1173.09   716.41   232.64  2902.00
 1062.45   944.00   232.50  2585.00
 1215.82    59.35   234.09  2834.00
  498.35   236.88   233.49  2681.00
 1134.34   285.78   232.98  2571.00
 1369.40   442.56   232.96  2470.00
 1199.81   521.27   233.66  2692.00
  833.68   253.20   234.23  2653.00
  609.00   505.12   235.43  3002.00
 1250.96   108.03   235.54  3273.00
 1195.42   232.48   234.62  2443.00
  191.44   271.74   234.52  2327.00
 1162.26   328.06   234.56  2425.00
 1255.56   443.02   235.76  2760.00
 1508.96   199.96   235.11  2384.00
 1397.50   602.50   236.50  2754.00
 1284.05   641.88   236.44  2652.00
 1279.01   741.13   236.97  3186.00
 1140.50   780.60   235.85  2432.00
 1460.79    83.40   236.47  2493.00
 1289.22   217.18   237.67  2746.00
  497.67   247.12   235.94  2264.00
  630.53   336.41   237.52  2679.00
 1316.28   356.72   237.36  2819.00
 1295.94   758.86   237.22  2876.00
  820.51   837.96   237.72  2733.00
  632.41   483.99   238.69  2855.00
 1402.90   517.90   237.21  2259.00
  770.91   520.14   238.08  2703.00
 1224.87    85.56   238.62  2402.00
  254.88   103.53   238.50  2345.00
  114.29   206.90   237.98  2291.00
  962.61   347.19   238.61  2336.00
 1279.94   575.07   239.63  2842.00
 1334.65   657.14   239.61  2747.00
  908.54    87.61   239.37  2432.00
  607.53   320.67   239.40  2361.00
 1384.24   415.08   240.01  2790.00
  783.45   670.50   240.47  2592.00
 1028.17    75.55   240.38  2327.00
 1127.85   220.09   241.20  2632.00
   35.11   323.50   241.50  2561.00
 1108.11   449.87   241.35  2993.00
  794.64   667.03   241.11  2789.00
 1395.76   775.79   240.66  2279.00
  929.24   849.86   241.83  2800.00
 1033.78   902.17   241.28  2402.00
 1268.47   913.20   241.46  2785.00
 1225.81   976.86   242.14  2668.00
 1096.05   239.67   241.97  2629.00
 1202.40   379.54   242.40  2620.00
 1362.11   453.04   241.32  2331.00
 1136.85   456.50   242.48  2599.00
 1325.47   462.58   242.21  2777.00
 1234.53   884.08   241.96  2601.00
  292.67    54.29   243.17  2526.00
  510.17   114.78   243.28  2933.00
  969.67   164.95   243.36  2681.00
 1268.92   468.30   245.13  2729.00
 1301.38   570.82   242.95  2741.00
 1288.50   869.00   243.83  3133.00
 1419.11   583.75   245.24  2983.00
 1517.96   599.80   244.00  2558.00
 1058.42   752.63   244.54  2780.00
 1428.18   285.81   245.22  2871.00
  378.57   330.73   244.68  2375.00
 1260.57   674.45   245.33  2481.00
 1395.64   780.94   245.06  2300.00
 1419.54   924.44   245.89  2716.00
  537.12   110.45   246.18  2933.00
  473.92   164.76   246.95  2629.00
  619.11   228.07   246.04  2659.00
  741.38   502.80   245.92  2136.00
 1374.84   789.30   247.37  2844.00
 1337.79   918.03   246.60  2430.00
 1087.58   973.34   248.48  2158.00
 1114.13   327.28   246.87  2522.00
  593.55   265.66   248.36  2413.00
 1271.20   399.90   248.10  2405.00
 1168.44   649.85   249.02  2388.00
 1190.81    73.69   249.69  3087.00
  888.88   109.49   249.58  3469.00
  637.53   121.76   249.53  2559.00
 1468.21   725.19   249.27  3035.00
 1376.34   728.58   249.71  2630.00
 1034.94   952.96   249.69  2853.00
  572.52   185.53   249.87  3435.00
  803.68   200.32   249.89  3151.00
 1075.92   355.59   249.91  3170.00
 1026.97   493.80   249.91  2834.00
  808.18   580.82   249.97  2515.00
 1501.39   612.10   249.94  3021.00
 1326.80   730.77   250.02  2635.00
  941.83   741.28   249.90  3571.00
  269.03   753.97   249.68  2440.00
 1395.02   864.54   249.88  2657.00
  897.75   961.60   249.96  2656.00
 1450.76    71.02   250.33  2674.00
  400.76    71.63   250.42  2612.00
 1209.42   142.25   250.31  2741.00
 1168.17   155.98   250.28  2851.00
  881.47   211.98   250.32  2767.00
  541.17   227.81   250.37  2740.00
 1483.55   520.71   250.25  3155.00
  777.91   532.93   250.31  3076.00
  886.56   648.56   250.47  2392.00
 1164.07   680.34   250.32  2445.00
  435.46   820.04   250.43  2355.00
 1303.78   827.38   250.36  2665.00
 1455.68   834.09   250.26  2550.00
  604.10   863.17   250.32  2502.00
 1048.75   924.50   250.46  2476.00
 1055.07   424.96   250.67  2585.00
