  846.36    54.03     2.14  2419.00
  582.56    68.37     3.35  3136.00
  909.72    69.98     2.58  2989.00
  235.06    73.63     1.76  2818.00
 1203.08    78.88     5.19  2521.00
  719.18    90.70     1.80  2617.00
   20.09   106.38     3.07  2979.00
  725.58   118.98     1.86  2970.00
  732.10   167.87     6.76  2214.00
 1502.09   207.37     2.74  2421.00
  115.57   214.55     1.72  2509.00
  923.46   216.21     1.61  2401.00
  562.84   242.89     3.00  3361.00
  165.00   257.06     1.93  2968.00
  310.60   266.09     2.17  3400.00
  596.58   288.92     2.87  2883.00
  284.90   304.56     1.71  2587.00
  793.57   354.02     1.76  2602.00
  851.19   372.85     1.77  2667.00
  587.83   385.05     2.18  3077.00
  250.84   422.13     2.06  2362.00
   65.59   453.19     2.73  3005.00
  263.16   472.57     2.32  3742.00
  513.76   493.98     4.90  2505.00
    4.88   494.55     2.57  2451.00
  754.66   512.76     1.88  2706.00
 1016.76   526.26     2.30  3501.00
  250.93   566.57     1.80  2642.00
  979.96   572.45     2.34  3707.00
  773.45   607.60     1.97  3402.00
  883.27   627.51     2.15  3065.00
  484.06   634.84     2.37  3879.00
  408.00   636.38     2.03  2258.00
  545.23   670.06     2.16  3214.00
  611.93   682.39     2.13  2868.00
  584.96   692.63     3.42  2923.00
   64.03   694.41     2.99  2651.00
  877.90   699.43     2.00  3005.00
 1301.59   706.36     4.10  2978.00
  326.18   752.06     2.68  3101.00
  836.09   755.59     2.20  3765.00
  133.14   759.44     3.54  2497.00
  443.68   760.51     1.66  2640.00
  748.77   767.92     3.43  3051.00
 1096.24   773.75     2.36  2661.00
  574.39   797.71     2.31  3808.00
  208.18   832.23     1.97  2633.00
 1005.22   880.47     2.17  2640.00
  947.47   898.41     2.37  3098.00
  451.45   934.05     2.10  3374.00
 1111.25   942.23     2.00  2822.00
  749.01    79.72     5.91  3055.00
  607.96   136.06     6.49  3286.00
  861.79   953.48     6.08  2966.00
  228.25   439.39     5.57  2336.00
 1149.22   591.38     7.11  2688.00
  734.35   811.32     6.55  2762.00
  716.21   939.02     6.46  2517.00
 1332.87   346.56     7.37  2872.00
  742.08   348.50     6.63  2475.00
  622.09   355.46     6.82  2644.00
  253.11   501.92     7.11  2491.00
 1173.14   557.45     7.40  2950.00
  572.25   575.65     6.87  2611.00
  343.38   586.65     6.88  2663.00
  600.47   636.47     7.26  2878.00
 1305.24   637.00     6.50  2414.00
  619.33   665.18     7.24  2959.00
 1369.50   783.50     6.91  2448.00
  799.33   814.91     7.58  3069.00
   60.32   841.16     7.30  2946.00
  917.55   901.94     6.83  2568.00
  693.46   156.46     7.88  2442.00
  236.63   260.05     7.61  2466.00
  170.67   307.26     7.74  2288.00
  281.42   570.47     8.45  2993.00
 1200.61   707.70     7.96  2615.00
 1205.39   823.14     7.98  2874.00
  147.88   956.79     7.39  2402.00
 1036.52   972.02     8.24  2439.00
  409.25   267.41     8.98  2612.00
 1451.99   382.76     9.37  2748.00
  382.58   619.44     9.37  2934.00
 1457.57   761.34     9.05  2589.00
  772.30   767.49     9.70  2709.00
  893.78   776.39     8.96  2752.00
  456.43   830.12     9.76  2426.00
 1471.28   849.42     9.96  3193.00
 1095.10   918.49     9.63  2855.00
  705.68   203.47     9.54  2399.00
  671.72   438.10    10.48  2806.00
  686.45   619.03    10.00  2391.00
  495.22   807.10    10.71  2850.00
  248.66   911.16    11.23  3142.00
  144.19   142.22    11.24  2838.00
 1177.27   197.69    11.24  2553.00
  674.98   224.28    11.50  2842.00
  736.87   356.16    11.39  2855.00
  268.68   405.81    11.66  2781.00
   16.11   544.63    11.62  2968.00
  529.15   581.47    11.52  2749.00
  429.29   642.39    11.21  2885.00
 1209.07   644.98    11.87  2966.00
 1073.63   798.98    11.89  3183.00
   58.43   807.96    10.96  2558.00
  428.01   842.46    10.97  2606.00
  476.75   859.83    12.28  3102.00
  721.90   943.37    10.85  2726.00
   46.62   214.82    13.23  2864.00
  891.21   225.50    12.00  2638.00
  683.68   326.16    12.44  2623.00
 1008.06   535.90    12.63  2561.00
  551.30   640.72    12.35  2451.00
  518.16   743.51    11.58  2485.00
  871.24   751.27    12.12  2470.00
 1125.20   862.08    13.26  3116.00
  877.51   938.39    12.90  3120.00
  261.90   288.63    14.01  2958.00
 1117.46   311.93    12.80  2502.00
 1073.30   312.04    13.46  2575.00
 1079.43   395.74    13.23  2604.00
  168.88   490.21    12.57  2362.00
  245.07   518.79    13.21  2352.00
  348.91   597.78    14.23  3175.00
  924.68   676.94    13.22  2841.00
  397.51   742.72    12.87  2619.00
 1107.94   852.07    13.39  2713.00
 1083.00   912.93    12.60  2427.00
  464.90   967.21    13.60  2765.00
  332.33   156.91    16.43  2723.00
  434.59   316.36    13.86  2452.00
 1155.45   325.08    15.12  2814.00
   49.37   349.51    13.54  2427.00
 1066.06   389.53    14.48  2663.00
 1345.38   962.11    14.85  2721.00
 1110.13    55.09    15.72  2491.00
 1160.36   395.74    15.15  2416.00
  258.33   526.76    15.76  2574.00
  319.46   539.35    15.33  2492.00
 1097.32   595.66    15.15  2911.00
  619.53   657.94    15.21  2371.00
  463.45   745.28    14.55  2291.00
  855.30   838.14    15.00  2642.00
  783.86    97.46    16.68  2566.00
 1393.86   304.23    16.11  2658.00
 1370.99   346.60    17.08  2923.00
  439.59   440.38    16.36  2586.00
  224.67   537.93    16.04  2521.00
  629.92   553.42    16.63  2460.00
 1104.57   692.33    16.31  2456.00
  232.16   842.75    16.12  2371.00
  133.00   849.23    16.03  2650.00
  302.74   897.90    16.29  2763.00
 1021.59   936.00    16.24  2441.00
  652.58   291.24    16.47  2418.00
  589.05   410.13    17.52  2989.00
 1344.33   550.12    17.08  2754.00
  813.75   700.90    17.30  2464.00
 1142.56   704.44    16.59  2434.00
  476.59   807.52    16.76  2508.00
 1215.05   816.86    17.74  3026.00
  909.16   817.49    17.29  2427.00
  534.79   817.94    18.42  3283.00
   97.56   137.93    17.19  2383.00
  444.58   210.99    18.93  3044.00
   94.18   659.80    19.17  3146.00
 1051.38   775.42    18.03  2541.00
  365.67   815.10    17.46  2409.00
 1410.38   837.34    17.48  2288.00
   57.36   838.88    18.98  3137.00
 1517.38   978.53    19.07  2537.00
  327.19   269.55    19.30  2887.00
  608.95   348.81    18.76  2405.00
  237.85   399.17    18.71  2677.00
  302.96   400.07    18.61  2345.00
 1046.96   421.67    19.02  2596.00
  800.43   462.17    19.38  2565.00
  395.70   469.69    18.93  2446.00
  445.78   696.39    18.59  2654.00
  515.51   762.73    18.46  2396.00
 1151.88   943.23    19.70  2943.00
  713.85   525.33    19.26  2307.00
 1054.50   699.57    20.56  2995.00
 1128.28   756.07    21.03  2850.00
   50.74   876.00    19.63  2376.00
  946.37   343.11    21.86  3196.00
 1086.85   718.75    21.98  2888.00
 1180.60   728.75    21.15  2609.00
  776.34   756.59    20.95  2584.00
 1033.94   170.65    21.68  2374.00
  930.64   468.06    23.22  3229.00
 1286.32   496.29    23.29  3085.00
  364.83   583.14    21.48  2379.00
  302.42   934.79    22.84  3168.00
  420.91   964.89    22.67  2597.00
 1019.57   125.06    23.91  2831.00
 1131.78   259.65    22.88  2365.00
  911.02   299.92    24.20  2947.00
  929.19   356.73    24.18  3185.00
  703.95   391.37    23.10  2681.00
  365.01   568.43    24.19  3132.00
  777.10   610.75    23.76  2684.00
   17.19   960.17    24.00  2822.00
  395.17   126.73    24.37  2772.00
 1276.54   507.87    24.86  2835.00
  544.37   530.86    23.53  2521.00
  661.77   577.60    23.54  2339.00
 1035.64   612.67    25.06  2865.00
 1070.84   675.84    25.65  2437.00
  867.26   779.57    24.57  2852.00
   40.91   878.39    24.72  2908.00
  407.63   912.66    24.90  3020.00
 1465.94   975.21    24.43  2925.00
  762.81   103.53    25.50  2531.00
  867.13   104.21    25.07  2655.00
  222.37   119.87    25.30  2559.00
  164.69   191.26    24.57  2356.00
 1191.00   508.31    25.40  2516.00
  108.70   633.06    25.29  2730.00
 1015.31   399.38    25.55  2301.00
  857.40   570.23    26.54  2934.00
  294.26   649.08    26.51  2580.00
  969.90   658.72    25.90  2378.00
  659.47   696.16    25.85  2664.00
  637.05   736.06    27.70  2959.00
  683.88   821.75    26.55  2666.00
  258.69   310.48    26.63  2464.00
  446.41   439.59    27.15  2291.00
  552.13   445.15    28.23  3034.00
  438.31   801.66    27.39  2590.00
  778.09   834.00    26.83  2507.00
 1080.50   938.50    26.67  2605.00
  723.39    72.21    29.12  2852.00
  473.22    89.43    28.59  2664.00
  848.28   100.00    28.50  2894.00
  958.21   219.45    28.23  2690.00
  188.73   433.05    28.18  2743.00
  642.19   481.11    28.65  2852.00
   96.95   687.95    27.10  2261.00
  966.97   780.50    28.43  2735.00
   98.36   888.77    28.02  2518.00
  324.65   190.53    28.90  2425.00
   15.97   189.67    29.93  2837.00
   43.22   245.81    29.81  3029.00
  173.72   565.22    30.15  2527.00
   97.33   642.33    29.07  2703.00
  271.24   664.44    29.07  2629.00
   48.58   691.37    28.80  2668.00
 1219.75   860.85    28.57  2505.00
  379.93   879.99    29.49  2773.00
 1212.94   883.15    29.78  2893.00
   88.16   889.58    29.85  2675.00
 1122.46   904.46    28.92  2543.00
  829.36   422.81    30.71  2688.00
  628.10   612.20    29.98  2519.00
  251.91   653.98    30.90  3097.00
   81.43   722.14    30.99  3146.00
  670.05   853.46    30.29  2445.00
  841.98   929.03    30.26  2826.00
  103.48    69.88    31.77  2976.00
  608.22   497.78    31.07  2666.00
 1412.35   536.73    32.14  2975.00
 1511.79   792.06    31.87  2987.00
 1280.04   157.89    32.49  2581.00
 1024.71   357.95    32.50  2678.00
  701.96   408.01    33.14  3392.00
  266.60   470.47    31.50  2276.00
  740.05   470.43    32.25  2564.00
 1495.43   184.39    33.57  2545.00
  102.94   428.59    32.76  2339.00
  317.10   536.50    32.71  2729.00
  992.51   597.62    36.29  2147.00
   43.29   608.94    33.85  3200.00
  905.67   704.75    32.81  2540.00
  899.47   708.41    33.20  2549.00
 1304.11   939.27    33.82  3029.00
  432.45    56.55    33.63  2293.00
   98.67   243.47    33.87  2668.00
 1185.20   252.82    34.49  2551.00
  330.37   295.22    34.81  2853.00
  162.19   387.84    33.94  2449.00
 1138.54   597.45    34.45  2659.00
  269.66   821.44    34.85  2985.00
  451.82   879.51    33.95  2678.00
  526.28   945.69    33.38  2306.00
  124.08   287.56    35.23  2721.00
 1003.12   387.36    35.20  2913.00
  730.28   396.23    35.58  2698.00
  755.82   412.58    34.60  2498.00
  257.54   964.85    35.44  2435.00
  514.23   202.10    35.40  2343.00
  926.90   230.84    35.55  2677.00
   14.05   349.60    36.27  2431.00
  466.81   436.56    36.57  2858.00
  619.26   596.28    36.00  2768.00
 1255.45   633.51    35.82  2432.00
  760.00   677.07    35.00  2345.00
 1472.89   737.43    36.47  3053.00
  329.45   514.62    37.76  2905.00
  222.18   520.01    37.69  3110.00
  264.15   530.39    38.52  3150.00
  688.52   559.64    37.61  2781.00
   55.06   607.81    37.67  3022.00
  904.50   655.00    37.00  2643.00
  499.44   753.17    38.23  2988.00
  397.35   802.98    36.96  2616.00
  293.24   892.39    37.21  2738.00
  333.07   901.11    36.52  2346.00
  786.82    85.59    38.17  2655.00
   47.50   276.26    38.39  2505.00
 1118.38   516.09    38.00  2541.00
  317.54   595.14    38.11  2454.00
  305.44   818.19    37.52  2272.00
  603.37   844.46    37.40  2461.00
 1346.61    90.78    39.92  2892.00
 1356.90   306.63    39.69  2746.00
  511.65   335.83    39.58  3091.00
   53.45   732.05    39.37  2739.00
 1283.46   788.42    39.82  2955.00
  486.33   958.77    39.09  2889.00
  405.24   314.00    39.50  2419.00
 1512.67   384.29    40.15  2966.00
 1515.87   421.77    40.89  3125.00
 1081.80   465.51    41.37  2713.00
  664.18   546.47    40.10  2686.00
  425.20   593.58    41.27  3220.00
  954.59   625.57    39.95  2778.00
 1189.55   818.53    39.57  2359.00
  746.02    66.35    40.63  2533.00
  907.52   156.44    40.93  2192.00
  439.47   417.23    42.56  3153.00
  910.02   524.26    40.90  2527.00
 1030.31   568.03    40.83  2285.00
 1064.91   597.55    40.86  2738.00
  356.64   693.45    41.53  2976.00
  966.33   932.48    41.96  3000.00
 1333.27   946.17    41.81  2663.00
  679.50   970.00    41.50  2276.00
  880.83   266.17    41.48  2468.00
  625.70   354.89    43.18  2988.00
 1487.33   405.97    41.56  2426.00
  662.46   424.98    41.73  2492.00
  337.42   476.05    42.48  2884.00
 1026.13   500.68    42.72  3203.00
  797.53   907.05    41.82  2418.00
  647.33   133.55    43.89  2868.00
 1417.90   216.90    42.58  2395.00
 1279.97   474.52    42.87  2734.00
  681.15   554.85    43.43  3062.00
  270.72   689.32    43.41  3095.00
  178.10   711.00    42.87  2467.00
  828.19   783.52    43.21  2572.00
  966.51   886.54    42.67  2548.00
 1314.48   967.10    42.21  2378.00
  690.54   968.85    43.86  2519.00
  407.63    54.90    44.17  2339.00
    1.83    57.63    43.67  2312.00
 1470.32    60.03    44.54  2619.00
  782.57   142.51    44.53  3087.00
  964.62   158.26    44.20  2621.00
  418.53   173.78    44.49  2606.00
 1529.28   189.30    43.83  2479.00
  182.18   486.91    44.44  2861.00
 1032.40   736.55    44.25  2492.00
 1105.72   766.50    44.46  2866.00
  889.83   924.07    43.45  2299.00
  435.30   160.66    44.68  2520.00
  189.88   209.86    45.50  2734.00
  197.36   518.84    45.16  2780.00
 1473.98   593.42    44.81  2482.00
   27.24   722.11    45.33  2970.00
 1371.84   722.84    45.81  2777.00
 1152.97   294.23    45.51  2415.00
  329.19   340.94    45.50  2419.00
  935.07   733.95    45.68  2567.00
 1463.35   741.42    46.17  2531.00
  650.84   767.94    46.09  2450.00
 1216.11   797.36    46.38  2449.00
 1384.91   826.74    45.65  2339.00
  560.34   866.20    46.41  2820.00
 1242.97   898.69    46.74  2662.00
  283.86   922.86    45.71  2602.00
  291.26   934.78    46.22  2534.00
  440.00   398.44    47.91  2944.00
  243.48   471.03    48.54  3196.00
 1489.06   539.11    47.48  2725.00
  510.92   587.87    47.74  2929.00
   40.02   780.38    46.50  2488.00
   51.07   858.09    47.82  3095.00
 1178.54    66.54    47.57  2359.00
  792.02   171.48    48.54  2844.00
  145.90   182.52    48.78  3094.00
  678.71   223.97    47.51  2445.00
  120.93   376.14    47.66  2413.00
  480.59   408.92    48.38  2744.00
   26.94   460.41    48.00  2439.00
  266.71   469.13    47.97  2663.00
    2.05   689.95    48.43  2795.00
  639.64   707.44    47.61  2406.00
  460.47   934.08    48.63  3018.00
  813.96   292.60    48.76  2539.00
  986.65   408.78    49.02  2496.00
 1083.24   543.10    49.60  2881.00
 1378.63   825.77    48.14  2337.00
  108.17   956.38    49.00  2523.00
 1263.87   971.48    48.87  2683.00
  554.55   244.65    50.26  2829.00
  821.24   316.10    51.11  3212.00
  171.41   470.56    50.92  2817.00
  779.50   527.77    50.18  3043.00
 1213.17   681.96    50.03  2727.00
 1158.12   742.12    49.88  2713.00
  600.79   897.23    50.52  2599.00
  805.59   206.22    50.61  2571.00
  967.03   277.00    50.77  2411.00
  974.21   305.29    50.99  2815.00
   94.94   353.58    50.42  2484.00
  832.00   428.59    51.75  2841.00
  842.13   532.57    51.38  2594.00
 1479.12   543.88    50.55  2603.00
   85.53   576.39    51.38  2660.00
 1238.21   637.50    50.44  2394.00
 1013.58   859.80    52.22  3141.00
  156.76   877.46    50.60  2489.00
  837.45   227.76    53.30  3244.00
  399.00   272.45    52.12  3059.00
  991.62   432.48    52.19  2495.00
   25.42   759.77    51.79  2545.00
  618.39   883.89    51.95  2436.00
 1072.09   901.07    52.87  2946.00
   22.50   104.34    53.37  2729.00
 1489.06   130.90    53.35  2549.00
  266.39   281.59    52.86  2491.00
  962.77   473.28    53.22  2730.00
  803.57   557.58    53.51  3146.00
  702.63   789.90    52.73  2456.00
  652.03   930.63    52.14  2410.00
 1499.66   959.58    53.69  2873.00
  872.77   112.63    54.00  2687.00
  174.89   190.11    53.39  2400.00
  168.34   317.16    54.34  3123.00
  138.29   418.08    53.66  2528.00
  517.62   473.34    53.48  2369.00
   98.53   511.42    54.31  2689.00
  701.91   510.89    54.94  2917.00
  395.73   821.13    55.33  3216.00
  703.06   923.80    53.34  2398.00
  538.16   941.59    53.66  2392.00
  180.71    66.98    55.94  2972.00
   89.31   436.38    54.71  2437.00
 1388.88   619.50    55.13  2381.00
  557.05   801.52    55.57  2722.00
  572.44   817.41    54.91  2371.00
    7.48   142.33    56.61  2732.00
 1391.00   256.38    55.35  2326.00
  548.25   277.06    56.60  2583.00
  432.04   282.00    55.44  2341.00
 1487.41   299.64    56.18  2824.00
  602.55   544.73    55.98  2607.00
 1142.06   809.61    56.62  2758.00
 1175.96   856.20    56.92  3281.00
    1.86   934.65    57.35  3321.00
 1312.20   176.33    57.13  2656.00
  408.74   213.00    57.19  2629.00
  393.76   257.74    58.13  3069.00
 1024.79   607.26    57.56  3310.00
  475.89   754.42    57.14  2780.00
  474.70   835.80    56.91  2781.00
 1052.88   887.98    57.68  3019.00
  315.18   892.98    57.71  2958.00
  729.00   917.16    57.83  3075.00
  939.13   941.47    57.43  2754.00
 1117.50   956.45    56.71  2704.00
  340.19   150.81    58.75  2903.00
  124.10   167.00    57.17  2346.00
   66.76   229.66    58.72  2782.00
  443.39   358.78    58.28  2511.00
 1178.82   819.73    58.01  2951.00
  970.53   281.31    58.84  2563.00
  743.72   701.90    58.76  2457.00
  452.84   868.92    59.71  3066.00
 1352.17   883.13    60.13  3210.00
  769.87   148.70    61.10  3245.00
  396.68   210.64    60.10  2567.00
  458.00   240.33    60.20  2342.00
  587.53   312.53    60.00  2539.00
  581.97   319.91    59.88  2496.00
  572.17   359.37    61.37  2905.00
  973.90   463.06    60.51  2924.00
 1490.06   602.78    59.75  2425.00
 1364.13   620.97    59.23  2367.00
 1190.97   774.97    59.88  2469.00
  569.64   782.69    60.13  2601.00
 1368.18   830.39    60.83  2873.00
 1300.19    62.95    61.23  2458.00
  968.02   652.26    61.28  2440.00
  961.17   856.31    61.10  2565.00
  132.58   866.64    61.66  2770.00
 1002.15   931.52    61.60  2841.00
  594.07   937.69    61.13  2492.00
   84.19   108.24    62.89  2970.00
  461.32   255.96    62.68  2892.00
 1082.85   359.44    63.40  3104.00
  920.66   475.42    62.23  2779.00
  305.14   679.05    62.14  2516.00
 1114.86   199.72    63.19  2645.00
 1049.56   199.92    63.05  2440.00
  961.69   338.87    63.31  2817.00
  338.33   352.13    62.82  2553.00
  450.62   506.74    62.41  2465.00
 1061.58   561.97    64.08  2907.00
  907.03   763.31    62.44  2379.00
 1290.45   923.23    64.17  2836.00
 1095.37   146.01    64.44  3180.00
 1498.33   265.66    64.46  2583.00
  252.40   273.55    64.12  2357.00
 1012.74   309.77    64.58  3028.00
  245.31   365.19    64.74  3165.00
 1198.82   407.00    63.93  2694.00
   85.58   562.92    65.60  2870.00
   37.87   848.15    65.20  2863.00
  236.61   897.85    64.33  2810.00
  337.02   183.53    65.17  2669.00
  974.90   195.43    64.74  2717.00
  393.49   497.23    65.17  2880.00
  867.15   606.04    64.75  2627.00
 1453.00   705.17    65.14  2383.00
  575.18   804.32    65.72  2901.00
 1316.32   809.46    65.17  2492.00
  203.82   815.15    65.45  2746.00
  748.72   127.84    65.69  2652.00
  614.05   179.20    65.86  2866.00
  801.57   186.52    65.61  2597.00
 1282.39   211.31    66.66  2637.00
  915.28   381.93    66.22  2926.00
  164.37   502.24    67.02  2978.00
  422.99   567.55    66.71  2761.00
 1213.15   592.33    66.31  2635.00
 1531.66   640.32    66.12  2614.00
 1315.42   784.23    66.17  2749.00
 1349.76   836.39    66.93  2760.00
  704.24   857.74    67.47  2866.00
  176.53   116.01    67.78  2690.00
  985.49   216.26    67.01  2596.00
 1351.97   232.75    67.80  2738.00
  215.10   340.21    67.87  2907.00
  611.88   600.23    68.34  3140.00
 1047.18   697.21    66.43  2327.00
  608.83   822.94    67.43  2358.00
  567.21   850.00    67.29  2404.00
  553.79   868.21    66.95  2874.00
   44.06   931.53    66.44  2324.00
  954.50   153.54    68.27  2457.00
  369.83   213.52    68.45  2706.00
  792.98   221.54    68.52  2974.00
  700.23   492.28    68.14  2619.00
  381.52   565.13    68.06  2766.00
 1053.63   622.94    68.43  2722.00
 1125.84   802.92    68.74  2883.00
 1402.72   842.47    68.44  2780.00
  245.08   872.47    68.34  2872.00
  724.80   942.94    68.14  2441.00
 1034.58   967.50    68.21  2425.00
  635.12   240.29    68.94  2560.00
   38.03   263.28    69.07  2390.00
 1423.83   306.94    68.57  2665.00
  676.38   471.26    69.75  3133.00
 1071.29   497.46    70.21  2928.00
  347.68   544.92    68.98  2705.00
  289.73   624.36    70.02  3109.00
   35.41   796.97    69.83  2798.00
  378.91   926.88    69.72  2828.00
  142.32   120.54    70.50  2807.00
  516.22   186.34    70.59  3372.00
 1129.93   264.93    69.83  2452.00
  585.82   308.20    70.17  2839.00
 1146.43   509.97    70.09  2422.00
  455.99   541.08    70.43  2961.00
  325.94   565.07    70.52  3282.00
  636.77   660.78    70.69  3027.00
  487.16   748.72    70.00  2722.00
   14.32   770.29    70.77  2469.00
  606.15   782.88    70.02  2476.00
 1068.78   879.89    70.36  3032.00
  998.52    98.00    70.88  2704.00
  596.22   113.40    71.41  2432.00
  169.04   208.58    71.04  2497.00
  314.33   209.69    71.36  2639.00
  996.90   316.90    71.24  2842.00
  635.38   343.88    71.00  2684.00
 1233.38   540.58    71.58  2559.00
  728.94   674.18    71.12  2444.00
 1124.57   952.83    71.06  2421.00
  852.44    54.08    71.88  2377.00
 1168.22    85.22    72.71  2853.00
 1240.57   123.84    72.00  2616.00
  500.91   408.03    71.34  2410.00
 1064.28   407.28    72.04  2601.00
  373.45   412.56    72.61  2668.00
 1211.32   577.75    72.36  2980.00
  564.45   617.98    71.80  2405.00
  835.59   635.61    72.88  2152.00
  529.51   718.47    71.58  2396.00
  956.56   851.94    73.04  2883.00
  903.88   855.76    72.96  3208.00
 1299.40   897.16    72.87  3183.00
   85.29   139.21    72.62  2256.00
  688.66   140.91    73.38  2423.00
  278.64   230.43    73.49  2673.00
  442.69   239.09    72.46  2409.00
 1158.97   239.69    73.44  2900.00
  796.84   345.11    72.95  2380.00
  181.95   353.59    73.47  2601.00
 1087.38   456.17    72.45  2567.00
  772.96   492.40    72.60  2593.00
  203.64   491.85    73.70  2641.00
 1235.31   556.88    74.05  3115.00
  588.52   662.67    72.48  2315.00
  873.25   724.37    74.31  2878.00
  477.49   743.79    73.49  2683.00
 1224.37   790.21    73.33  2679.00
  973.86   934.47    72.96  2621.00
 1202.07   948.00    73.07  2358.00
  532.49   100.52    74.28  2631.00
 1464.48   163.38    74.61  2480.00
  529.84   204.82    74.19  2475.00
  451.14   244.12    73.42  2626.00
 1239.56   506.51    74.12  2610.00
  894.51   510.85    74.14  2627.00
  526.44   760.01    75.07  3301.00
  923.57   909.75    74.66  2654.00
 1123.57   274.43    75.30  2632.00
  141.61   395.09    76.01  2992.00
  259.20   462.83    74.87  2369.00
 1027.44   506.21    74.49  2484.00
 1296.22   779.35    76.03  2773.00
   52.06   876.19    74.52  2334.00
 1058.07   299.02    76.44  2635.00
  215.17   536.48    76.31  2554.00
  593.36   767.93    77.13  2649.00
 1503.19   887.15    76.35  2527.00
 1200.21   933.23    76.16  2486.00
 1121.64   168.55    78.05  2923.00
 1307.18   244.99    77.11  2659.00
  580.87   455.03    77.45  2578.00
    4.72   561.54    76.83  2510.00
   29.40   584.86    77.95  2508.00
 1010.47   715.67    77.33  2795.00
 1374.68   764.90    77.03  2481.00
  910.68   914.40    77.59  2757.00
  578.50   942.48    76.74  2490.00
  300.45   121.43    78.20  2450.00
  552.15   262.12    77.94  2447.00
  288.46   292.03    78.14  2430.00
  540.96   294.09    78.29  3333.00
 1276.82   320.86    78.30  2865.00
  999.56   327.26    78.44  2784.00
  355.66   507.34    77.44  2521.00
 1106.58   702.72    78.80  3187.00
 1361.59   778.14    78.38  2725.00
  881.70   785.42    77.76  2439.00
  808.21   162.67    79.34  3054.00
   54.93   448.00    78.60  2338.00
  953.34   477.20    79.57  3146.00
 1389.59   489.76    79.76  2993.00
  776.46   556.54    79.34  2974.00
 1245.92   562.77    78.96  2688.00
  944.00   731.00    79.24  2519.00
  812.14   843.17    78.62  2335.00
 1503.68   927.93    78.82  2662.00
  605.21   969.49    80.80  2822.00
  649.91   303.48    80.34  3124.00
  392.65   656.42    79.52  2587.00
  695.62   680.27    79.84  2306.00
 1531.11   701.30    80.19  2441.00
  682.66   827.38    79.59  2337.00
  933.54   827.04    80.41  2555.00
 1210.46   845.82    80.00  2746.00
  485.60   146.60    80.63  2311.00
  272.29   297.27    81.43  2899.00
  964.53   305.22    82.05  2777.00
  949.20   346.72    81.04  2444.00
  429.59   677.03    81.09  2774.00
  670.09   724.16    81.74  2647.00
   35.67   733.72    81.28  2457.00
  405.89   917.65    80.74  2474.00
 1408.14   223.34    81.34  2360.00
  431.70   569.41    82.05  2437.00
  470.87   678.41    82.63  2810.00
 1125.48   709.98    82.28  2753.00
  213.45   752.34    82.26  2739.00
 1317.86   851.64    81.90  2627.00
 1401.67   976.51    82.59  2491.00
  685.83    64.90    83.00  2694.00
  367.33   227.18    83.50  2788.00
  725.45   282.00    82.77  2493.00
 1198.86   313.61    82.79  2550.00
 1298.29   426.45    82.63  2364.00
 1263.18   507.76    82.50  2369.00
  849.92   636.79    83.63  3024.00
  260.96   673.07    82.61  2388.00
  596.16   689.31    83.57  3148.00
 1373.51   694.92    83.00  2405.00
  823.81   720.13    82.81  2428.00
 1263.95   791.09    83.24  2860.00
  588.58   791.58    82.87  2623.00
  885.56   904.65    83.83  2710.00
 1007.02   363.25    84.39  2520.00
  716.53   422.55    85.00  2908.00
  459.28   683.03    84.07  2409.00
 1386.46   971.32    84.32  2424.00
  867.73    59.50    84.97  2489.00
 1237.90   315.25    85.05  2838.00
  818.20   713.11    85.87  2977.00
  240.10   714.00    85.66  2767.00
 1068.03   788.06    84.39  2366.00
  802.30   796.73    84.86  2518.00
  231.36   803.61    85.53  2675.00
  819.93    66.93    86.00  2379.00
  136.90   154.69    85.90  2311.00
  172.10   328.60    86.46  2724.00
   55.77   488.40    86.39  2579.00
  298.03   668.31    85.94  2386.00
 1055.56   755.58    87.61  3097.00
  755.25   763.92    85.95  2482.00
 1361.41   858.81    86.48  2948.00
 1431.42   954.63    86.77  2946.00
  520.29   134.06    88.65  2932.00
   66.98   412.07    87.75  2723.00
  704.06   525.22    87.98  3071.00
  584.24   225.45    88.55  2691.00
  189.59   381.48    89.14  2940.00
  432.52   659.27    88.25  2484.00
  953.36   688.47    88.40  2485.00
  142.30   817.36    88.29  2861.00
 1346.02    92.59    89.20  2471.00
  108.40   344.35    89.10  2219.00
 1318.87   468.86    89.42  3044.00
  169.09   496.30    89.78  3306.00
 1133.08   512.33    88.42  2408.00
  463.71   528.55    89.59  2463.00
  586.21   694.82    88.51  2493.00
 1069.94   742.11    90.45  3102.00
  321.58   870.94    89.51  2714.00
 1465.44   915.63    89.00  2477.00
  930.44    53.98    91.31  2254.00
  283.83   220.55    89.96  2634.00
  747.03   413.44    89.91  2441.00
 1501.99   433.81    90.43  2634.00
  975.17   462.10    89.87  2397.00
  925.02   733.61    90.62  2952.00
 1110.77   301.55    91.58  2613.00
 1531.70   457.20    91.48  2770.00
 1473.36   532.84    92.05  2947.00
 1463.87   540.94    91.76  2691.00
 1096.96   794.42    91.34  2757.00
  544.07   804.61    91.31  2742.00
  559.10   812.98    91.45  2957.00
  164.54   818.40    91.81  2750.00
  683.47   842.97    90.41  2344.00
  833.54    56.23    91.42  2293.00
  287.33    72.36    92.18  2341.00
  377.83   132.60    92.38  2679.00
  112.37   202.15    91.90  2598.00
 1521.97   269.13    91.90  2414.00
 1481.99   439.72    91.75  2470.00
  768.16   476.20    92.06  2641.00
  905.46   563.74    93.39  2780.00
 1172.07   570.43    92.07  2278.00
 1200.37   707.04    92.11  2425.00
  901.65   786.15    92.11  2678.00
  463.53   808.47    92.22  2435.00
  365.00   822.90    91.63  2612.00
 1265.20   856.98    92.27  2659.00
  175.99   882.75    92.25  2856.00
  807.63   946.33    91.97  2470.00
  478.37   957.19    91.91  2525.00
  816.37   295.37    93.13  2408.00
  266.15   517.38    93.68  2753.00
 1110.89   698.70    92.36  2389.00
 1416.08   728.67    93.79  2932.00
 1491.88   765.29    93.46  2898.00
 1206.64   902.03    93.00  2418.00
  852.94   145.13    95.11  2862.00
   31.68   255.07    93.00  2201.00
 1244.59   495.16    93.66  2407.00
 1003.47   500.62    95.01  2678.00
  498.48   596.89    94.79  3162.00
 1122.86   777.59    94.98  2882.00
 1216.91   876.06    93.94  2492.00
  573.53   160.09    94.88  2419.00
  440.60   215.53    94.67  2426.00
  800.36   307.01    95.63  2821.00
  412.57   491.44    96.14  2867.00
  743.37   509.07    95.72  2717.00
 1377.59   566.30    94.98  2624.00
 1040.41   656.18    95.47  2588.00
  833.43   662.01    95.62  3013.00
 1274.34   753.72    95.96  3060.00
 1157.02   848.45    96.02  3107.00
  519.54   868.62    95.51  3125.00
  682.03   942.08    96.27  2952.00
  649.26   948.53    94.88  2430.00
  532.90   209.03    96.19  2685.00
  656.32   488.79    96.45  2912.00
   34.22   718.02    96.86  3331.00
 1214.00   752.50    95.43  2426.00
 1108.54   768.43    96.15  2849.00
   53.57   784.91    96.65  2769.00
  469.24   821.38    96.36  2495.00
  647.67   161.20    97.31  2868.00
  247.33   229.33    97.59  2704.00
  960.60   348.48    97.33  2555.00
  995.35   399.35    97.52  2698.00
  804.58   489.49    98.17  2954.00
    1.61   919.86    97.67  2667.00
  174.54    54.80    98.14  2325.00
  148.34    71.88    98.90  3023.00
  282.50   391.00    97.50  2344.00
 1016.83   464.47    98.66  2774.00
  743.62   466.56    98.33  2725.00
  306.46   574.77    98.33  2697.00
 1494.67   618.85    98.80  2431.00
 1249.25   639.54    98.67  2543.00
 1013.90   686.34    98.78  2214.00
  872.87   711.16    98.04  2661.00
 1249.87   856.98    98.84  3247.00
  516.75   121.51    99.49  2641.00
  107.57   232.17    98.47  2237.00
 1500.23   368.36    99.17  2425.00
  624.87   406.04    99.04  2652.00
  705.44   461.78    99.91  2965.00
   35.69   633.89    99.28  2642.00
  931.90   656.47    99.65  2747.00
 1006.38   663.77   100.47  3196.00
  212.17   710.77    99.18  2570.00
  670.77   721.57    99.08  2524.00
 1187.39   767.31    99.55  2825.00
 1026.10   879.40    99.25  2577.00
 1513.82   215.65    99.56  2617.00
 1128.33   271.78    99.26  2373.00
  104.18   365.31    99.85  2673.00
  942.33   457.99   101.04  3069.00
 1085.91   161.28   101.71  2943.00
  139.54   251.88   101.46  2727.00
 1101.85   533.97   101.03  2435.00
 1056.91   549.24   102.33  3344.00
 1330.80   824.05   100.92  2659.00
 1250.37   842.84   101.34  2525.00
 1026.70   936.95   101.76  2868.00
  876.46   969.95   101.83  2647.00
 1110.83   136.45   102.77  2906.00
  743.94   232.88   101.41  2457.00
  124.50   269.82   101.68  2386.00
  705.01   453.79   102.03  2718.00
   99.85   463.26   102.61  2997.00
  961.83   531.76   101.83  2500.00
 1417.04   665.15   102.05  2691.00
 1467.00   198.58   103.84  2979.00
  118.93   291.85   102.93  2369.00
 1280.86   479.20   103.30  2633.00
 1426.10   566.32   104.21  3125.00
  525.59   711.59   102.55  2308.00
 1031.00   722.29   103.08  2747.00
 1099.72   730.72   104.00  3001.00
  987.85   796.96   103.41  2646.00
  568.69   802.31   103.53  2795.00
 1194.28   913.58   103.75  2530.00
  950.07   211.15   103.93  2422.00
 1430.44   512.88   104.35  2757.00
  695.43   597.43   104.15  2907.00
  564.85   626.34   105.24  3360.00
  503.42   636.19   104.25  2528.00
 1293.96   720.76   104.93  2740.00
  210.03   849.06   103.81  2423.00
 1459.56   908.50   104.81  2377.00
 1010.41   952.34   103.03  2252.00
  873.43    54.61   106.24  2859.00
  102.44   159.93   104.82  2561.00
 1462.55   175.11   105.23  2506.00
 1374.37   449.19   105.03  2558.00
 1005.37   451.84   105.33  2691.00
  756.49   474.38   104.65  2391.00
 1227.97   636.88   105.13  2687.00
 1505.40   687.28   105.13  2688.00
  293.33   716.24   105.38  2910.00
  417.68   790.34   105.68  3176.00
 1132.89   158.69   105.29  2434.00
 1302.96   176.77   106.90  2842.00
 1263.41   190.51   106.72  2675.00
   34.73   215.90   107.02  3038.00
  592.80   277.79   106.42  2698.00
 1279.15   116.48   106.89  2363.00
  994.41   367.26   106.97  2445.00
 1164.48   404.57   107.39  2737.00
 1361.65   507.29   106.54  2567.00
 1323.82   549.62   107.33  2564.00
 1130.67   644.84   107.33  2567.00
 1327.51   830.12   106.43  2413.00
  812.63   911.25   106.87  2482.00
 1306.85   937.50   107.37  2490.00
  570.52   232.76   108.85  2966.00
  449.83   296.09   108.75  3298.00
  500.80   574.24   108.02  2480.00
  494.29   611.97   108.97  2731.00
 1181.47   616.43   107.89  2469.00
  984.53   742.53   108.02  2522.00
  807.40    68.71   107.91  2283.00
  240.77   170.96   110.34  3140.00
  557.09   216.16   109.14  3021.00
  442.01   441.98   109.96  3161.00
 1223.82   667.00   109.80  3036.00
  622.69   689.97   108.74  2405.00
  107.85   197.15   109.80  2537.00
 1361.69   243.13   110.15  2456.00
  666.09   248.19   110.77  3217.00
  188.05   266.00   111.05  2995.00
 1136.47   348.31   110.57  3162.00
  822.79   490.96   111.15  3261.00
  255.13   595.36   110.30  3170.00
  931.77   658.01   110.78  2807.00
  315.72   893.21   110.97  2857.00
  524.37   927.19   108.93  2294.00
  356.53   557.92   110.47  2531.00
 1467.83   726.58   111.22  2835.00
  873.46   752.83   111.35  2721.00
  406.32   862.88   110.93  2620.00
  115.71    56.35   112.35  2282.00
 1523.23   178.59   112.43  2565.00
  489.93   180.90   112.10  2485.00
  869.35   349.94   112.60  2793.00
   34.23   375.16   111.88  2382.00
  727.11   482.27   111.40  2496.00
  520.39   521.77   111.48  2403.00
 1064.68   532.50   111.68  2329.00
  623.10   579.64   112.36  2580.00
 1190.61   688.58   112.49  3023.00
  606.24   808.22   112.00  2601.00
  229.44   156.45   113.22  2734.00
  764.79   206.97   112.72  2624.00
  461.64   375.08   112.96  2632.00
 1463.04   482.14   112.89  2356.00
  148.95   551.52   112.94  2776.00
 1021.81   591.20   113.14  2749.00
  420.44   638.79   113.02  2612.00
  678.43   681.14   113.00  2529.00
  451.18   749.15   113.85  2915.00
  695.96   775.93   112.18  2395.00
  343.27   822.57   112.88  2518.00
   89.45   847.92   113.47  2809.00
 1527.78   870.25   113.47  2733.00
  405.86   894.97   113.78  2285.00
  343.63   223.02   115.04  3133.00
 1365.93   399.80   115.23  2522.00
 1487.95   526.37   114.47  2731.00
  243.04   581.85   114.11  2375.00
  739.90   705.03   113.55  2458.00
   32.70   893.03   114.78  3185.00
  201.50   962.26   114.41  2472.00
  428.57    83.48   115.11  2528.00
  343.56   122.14   114.88  2663.00
  595.00   206.00   114.50  2444.00
 1085.12   310.59   114.32  2380.00
  416.76   494.43   115.68  2753.00
 1021.41   639.42   115.52  2711.00
 1172.56   737.40   115.52  2610.00
  472.46   886.18   116.71  2570.00
 1145.55    57.97   114.97  2227.00
 1018.82   123.52   115.39  2363.00
  223.60   274.25   115.44  2321.00
 1182.89   289.81   115.92  2594.00
  776.39   556.26   115.59  2511.00
 1198.76   661.39   117.04  3148.00
  860.56   887.78   117.01  2284.00
  996.77   915.40   115.63  2413.00
 1255.70   942.90   115.33  2449.00
 1064.70   116.14   117.01  2580.00
  236.57   603.76   117.83  2840.00
  652.22   658.19   116.25  2365.00
   65.06   668.31   117.35  2579.00
  982.07   924.37   117.78  2685.00
  192.40   103.04   117.72  2690.00
 1349.41   205.73   117.94  2946.00
  793.90   232.00   117.45  2335.00
  216.54   331.20   117.46  2305.00
  911.73   547.72   118.56  3068.00
  386.22   640.76   118.23  2911.00
 1183.94   652.69   117.74  2440.00
 1189.31   678.03   118.17  2424.00
 1452.97   819.61   118.23  2458.00
  785.10   875.58   118.39  2601.00
  798.88   900.77   118.81  3056.00
  108.13   938.93   117.77  2388.00
 1326.93   133.00   118.33  2371.00
   65.73   141.24   119.22  2464.00
  480.87   172.51   119.89  3141.00
  856.55   359.78   119.78  2754.00
 1403.07   394.40   118.40  2283.00
  553.08   451.11   119.82  2686.00
  276.82   580.50   118.14  2262.00
 1258.76   621.26   120.16  2967.00
  226.60   719.20   119.82  2826.00
 1217.86   809.98   118.94  2615.00
 1038.67   819.13   118.87  2375.00
 1507.60   840.23   119.11  2436.00
 1517.38   843.80   119.22  3001.00
  108.48   132.10   120.52  2783.00
 1026.36   276.82   119.68  2328.00
  704.70   348.68   119.70  2401.00
  912.52   482.06   119.61  2375.00
  922.62   489.67   119.81  2512.00
 1111.46   641.51   119.38  2356.00
 1293.13   666.38   120.59  2676.00
  780.52   701.65   119.48  2367.00
  289.74   764.30   120.67  2072.00
  651.23   829.64   119.41  2460.00
  460.04   891.92   119.84  2616.00
  659.66   935.15   120.24  2497.00
  403.95   966.23   120.05  2538.00
 1012.48    57.70   120.91  2433.00
  860.43   266.85   121.16  2764.00
 1309.80   385.71   121.27  2937.00
   40.81   452.42   121.81  2344.00
 1288.50   793.93   120.86  2419.00
  165.93   116.50   121.86  2404.00
  207.15   369.68   122.17  2465.00
  565.49   441.90   122.00  2781.00
  952.17   744.34   121.83  2346.00
 1324.17   877.86   122.08  2660.00
 1081.22   123.19   123.00  2823.00
  194.04   131.11   124.06  3066.00
    4.71   229.24   123.33  2717.00
  865.50   248.00   122.50  2380.00
  803.21   285.81   123.37  3107.00
  337.36   291.40   122.98  2399.00
  101.49   296.16   122.94  2614.00
 1355.68   508.21   124.03  2640.00
  607.31   584.81   122.25  2395.00
  485.57   645.87   123.09  2694.00
  822.14   867.00   123.19  2458.00
  323.24   178.88   123.65  2378.00
  982.70   328.24   124.51  2147.00
  717.72   479.69   124.14  2464.00
 1241.18   509.76   124.09  2646.00
  487.46   720.03   123.46  2429.00
  605.79   749.15   123.44  2596.00
  537.37   865.31   124.69  2790.00
  984.60   948.07   124.05  2630.00
  911.94   953.33   123.64  2387.00
  994.84   968.67   123.79  2543.00
  554.24   970.10   124.43  2549.00
  788.65   172.70   125.58  3080.00
 1025.06   269.33   124.97  2441.00
 1103.02   286.59   124.83  2465.00
 1139.07   426.45   125.17  2919.00
  103.33   472.87   125.75  2975.00
 1316.47   690.88   124.53  2376.00
   20.02   811.60   125.13  2486.00
 1385.94   874.87   125.48  2963.00
 1235.85   887.91   124.55  2444.00
   33.74   281.90   126.28  2471.00
 1408.55   332.59   125.50  2433.00
 1402.75   356.25   125.77  2575.00
 1065.06   551.92   126.42  2812.00
  578.07   292.18   127.35  2669.00
  255.97   324.25   127.28  2502.00
  479.76   359.55   127.16  2517.00
 1122.80   473.67   127.53  2560.00
   13.16   532.28   127.20  2534.00
    1.62   572.85   127.26  2712.00
 1029.29   579.07   127.05  2695.00
  384.09   596.17   127.95  3162.00
  360.90   647.00   126.93  2395.00
  413.97   687.41   127.08  2431.00
 1040.59   716.92   126.84  2264.00
  726.62   912.04   127.69  2752.00
  553.74    61.98   129.62  2839.00
 1294.43   320.27   128.49  2776.00
  921.86   388.91   128.82  2978.00
   21.15   753.38   127.94  2423.00
  890.08   796.55   128.57  3169.00
  984.04   800.98   128.76  2926.00
  279.55   911.16   127.71  2364.00
  686.65   953.84   128.31  2501.00
 1011.04    84.81   130.03  3045.00
   96.81   101.00   128.46  2421.00
 1397.30   231.25   129.53  2342.00
  349.94   358.34   129.12  2621.00
  329.70   374.16   129.40  2864.00
   36.69   421.72   128.47  2282.00
 1472.94   543.11   128.75  2477.00
   46.00   548.16   128.34  2404.00
  332.75   631.37   129.20  2598.00
  967.01   793.17   129.29  2944.00
 1014.98   869.25   128.59  2490.00
  236.87   900.33   129.38  2893.00
 1311.00   905.74   128.74  2640.00
 1163.86    75.40   129.76  2447.00
  445.84   115.06   129.87  2367.00
 1166.88   335.79   130.84  3073.00
  772.91   365.42   132.09  2468.00
 1210.02   634.71   130.99  3103.00
  462.13   718.03   130.23  2706.00
   91.95   850.30   130.38  2799.00
  355.47   889.50   130.38  2643.00
  395.83   100.41   131.41  2880.00
  285.13   104.95   131.59  2778.00
  120.12   302.28   131.74  2933.00
  761.00   332.59   131.45  2896.00
  452.75   355.61   131.49  3147.00
  430.37   476.41   130.33  2465.00
  424.15   503.43   130.96  2524.00
 1507.79   540.92   132.37  2739.00
  766.99   570.30   131.51  2810.00
  400.53   676.28   131.30  2577.00
    7.16   699.12   130.93  2575.00
  214.45   711.16   130.26  2370.00
 1037.34   857.40   131.27  2930.00
  589.08   954.50   131.76  2670.00
  457.16   344.52   132.32  2791.00
 1375.95   494.22   131.15  2379.00
  229.37   515.01   132.28  3051.00
  641.54   590.45   132.79  2912.00
  147.67   601.00   132.25  2624.00
  840.75   600.44   132.20  2641.00
 1206.53   627.18   131.74  2401.00
  476.00   810.06   132.55  2942.00
 1340.77   886.89   132.00  2528.00
  546.43   901.29   131.83  2511.00
  672.61   212.81   133.68  3065.00
  622.47   242.19   134.06  2817.00
  617.64   303.96   132.71  2271.00
 1330.76   365.91   132.98  2507.00
  412.13   445.04   133.38  2654.00
  111.50   633.14   134.34  2979.00
  946.20   794.54   133.84  2868.00
 1161.81   205.68   133.80  2553.00
  464.02   215.06   135.36  3040.00
  121.13   281.68   133.47  2401.00
    1.81   283.74   135.90  3578.00
  373.88   418.84   134.47  2870.00
  645.78   450.47   135.11  2702.00
 1034.95   654.23   134.85  2986.00
  625.87    79.21   134.91  2902.00
 1036.25   144.71   136.33  3161.00
  692.59   150.27   134.10  2322.00
  939.83   253.00   135.73  2623.00
  485.98   293.33   134.90  2565.00
  901.43   376.41   135.20  2378.00
  153.41   481.54   135.36  2517.00
   62.92   698.61   134.90  2514.00
  685.29   153.86   136.26  2976.00
 1509.89   209.24   136.09  2741.00
  144.71   232.57   137.83  3072.00
  687.00   287.97   135.45  2336.00
  675.11   344.53   136.51  2877.00
  779.82   356.47   136.56  2604.00
 1363.31   392.25   135.64  2392.00
  503.62   539.82   136.60  2725.00
 1120.62   563.78   136.73  2784.00
 1241.59   603.04   137.39  3128.00
 1337.92   941.08   136.11  2758.00
  477.66    81.50   137.99  2795.00
  234.56   212.06   137.64  3075.00
  807.07   253.38   137.04  2643.00
  148.72   350.33   137.50  2746.00
  492.23   548.10   137.91  2945.00
  804.95   571.85   137.57  2920.00
  547.23   708.08   137.85  2827.00
 1441.02   824.74   137.00  2560.00
  781.09   110.09   138.95  2882.00
 1074.46   192.64   138.59  2915.00
 1365.54   407.99   138.54  2760.00
 1033.66   416.39   138.31  2812.00
  317.93   700.88   138.93  2779.00
 1318.73   724.92   138.24  2719.00
   25.46   738.22   138.18  2575.00
  141.58   806.47   137.81  2709.00
 1452.49   103.57   139.29  2801.00
 1388.26   274.18   138.97  2629.00
  309.38   277.06   138.19  2331.00
 1162.44   313.05   139.09  2623.00
  174.63   383.83   138.57  2332.00
  118.79   401.06   138.97  2888.00
  919.25   412.78   139.20  2725.00
 1194.58   449.82   139.58  2655.00
 1531.26   643.14   139.07  2761.00
  141.39   698.01   140.16  3088.00
  224.62   744.82   139.21  2625.00
 1326.70   865.05   138.61  2256.00
  488.37    88.91   140.52  2438.00
  186.51   101.24   140.27  2254.00
  746.49   121.90   140.63  3032.00
  619.72   129.94   140.03  2437.00
 1079.34   172.41   139.34  2331.00
  358.36   192.12   140.45  2729.00
  901.12   223.53   140.27  2609.00
  399.93   235.07   139.48  2568.00
  780.88   287.93   139.67  2199.00
  948.50   365.50   140.00  2429.00
  484.21   552.30   141.48  2996.00
  992.42   565.58   140.20  3130.00
  584.77   592.70   140.07  2597.00
   87.09   856.84   140.73  2781.00
  127.46   347.38   141.18  2440.00
  815.74   352.72   141.67  2774.00
  222.82   505.27   140.95  2684.00
  468.25   850.12   141.51  2690.00
  164.09    63.82   142.94  2951.00
  665.24   153.69   142.78  3079.00
 1211.03   405.83   143.18  3209.00
   47.31   565.92   141.81  2641.00
  739.36   600.71   142.61  2673.00
  339.05   659.90   142.76  2845.00
 1413.48   804.95   142.95  2598.00
 1465.14   837.42   142.72  2584.00
 1233.44    85.50   143.27  3116.00
  352.83   219.14   142.50  2433.00
 1461.17   266.57   143.69  3088.00
  473.72   453.93   142.63  2579.00
 1476.74   553.41   143.24  2495.00
  350.26   662.35   142.63  2525.00
  921.94   679.91   142.64  2370.00
  523.11   811.34   143.82  2852.00
  702.00   215.46   144.34  2552.00
  485.74   394.72   145.35  3042.00
  135.51   424.50   144.70  2964.00
  788.65   427.38   143.57  2413.00
 1163.01   520.81   144.68  3037.00
 1441.25   534.36   144.05  2622.00
  964.41   570.40   144.52  2641.00
  918.73   609.73   144.93  2745.00
  942.96   616.48   143.44  2347.00
 1223.07   762.31   144.19  2616.00
 1508.24   871.43   143.65  2534.00
 1032.80   229.97   145.09  2803.00
 1305.73   256.46   145.17  2589.00
 1230.75   297.68   145.83  2907.00
 1074.47   630.93   144.95  2676.00
  747.00   665.35   144.58  2414.00
 1145.97   704.60   145.15  2746.00
  638.90   969.46   145.66  2552.00
 1041.90    56.07   146.21  2251.00
  661.71   111.58   146.54  2560.00
  529.64   138.41   147.10  3075.00
  424.91   161.48   146.13  2697.00
  538.77   367.57   146.13  3050.00
 1215.33   449.86   146.75  3007.00
  834.44   568.39   146.68  2803.00
  884.35   633.35   146.37  2444.00
  417.61    85.02   148.96  2195.00
  309.80    99.93   147.08  2698.00
 1198.48   162.81   147.75  2786.00
  615.68   260.00   147.19  2338.00
  558.32   340.10   147.24  2753.00
  490.03   531.86   148.19  2669.00
  435.30   750.33   147.41  2967.00
  747.86   786.34   147.09  2612.00
  230.49   934.59   147.05  2736.00
    2.35   123.39   147.92  2618.00
  795.05   303.07   148.09  3028.00
  941.02   517.63   148.40  2585.00
  211.75   585.53   149.33  3088.00
  547.83   778.71   148.18  2690.00
 1381.31   940.67   149.02  2912.00
  214.44   128.33   149.24  2517.00
 1143.63   241.23   148.40  2426.00
 1493.32   417.45   150.42  2968.00
  161.44   446.59   149.84  3074.00
 1354.68   469.11   148.75  2356.00
 1078.43   500.72   149.00  2830.00
  207.91   515.91   147.97  2377.00
  272.74   569.87   149.13  2510.00
 1417.12   574.11   149.76  2975.00
  415.44   622.21   149.56  2889.00
 1263.88   688.19   149.24  2923.00
  590.31   822.57   149.89  2924.00
  797.20   921.10   149.48  3029.00
  973.35   202.44   149.78  2750.00
 1526.02   202.21   149.48  2528.00
  696.64   547.03   150.81  3098.00
 1314.08   577.93   150.58  3023.00
 1017.21   734.44   150.17  2518.00
  478.18   753.50   150.32  2530.00
 1065.75   918.20   150.69  2767.00
 1162.74   218.02   151.36  3067.00
  241.71   391.68   151.39  2712.00
   79.50   415.72   151.14  2541.00
  424.94   442.35   150.55  2409.00
   97.10   858.22   151.53  2780.00
  369.74    53.29   151.74  2302.00
  714.63   100.57   152.77  3075.00
  970.37   125.60   152.26  2689.00
  414.20   128.83   152.86  3069.00
 1444.40   261.20   152.05  2460.00
  543.51   321.83   153.55  3101.00
  823.47   345.47   152.63  2658.00
  126.08   359.10   151.61  2028.00
 1411.18   699.52   152.99  2465.00
 1455.89   709.84   151.89  2570.00
 1080.88   967.38   151.81  2584.00
   19.53   164.51   153.02  2996.00
 1302.94   186.23   153.15  2545.00
 1214.06   197.61   153.61  2689.00
 1314.77   243.28   153.88  2826.00
  137.39   258.25   152.97  2889.00
   39.49   401.97   153.71  3100.00
 1013.48   523.79   153.13  2644.00
  482.32   712.43   152.79  2602.00
  204.46   756.74   153.81  3057.00
  522.86   290.06   153.74  2438.00
  970.53   409.06   154.06  2436.00
 1305.70   422.16   155.05  2861.00
  145.90   481.35   154.11  2890.00
  869.60   583.60   154.10  2545.00
  873.36   654.56   154.17  2659.00
  754.35   841.56   154.95  3196.00
  777.83   875.23   153.68  2541.00
  490.05   878.13   155.23  2993.00
  617.33   243.23   154.48  2471.00
  168.00   385.33   155.00  2439.00
  818.63   426.87   155.08  2598.00
  954.63   528.98   156.02  2903.00
 1253.85   541.00   155.03  2432.00
  257.60   806.50   154.90  2178.00
 1149.96    55.60   157.13  2930.00
  134.98   162.45   155.86  2680.00
  933.13   204.02   155.38  2545.00
  649.52   426.03   156.00  2872.00
  549.63   439.58   155.88  2537.00
  348.44   529.30   156.06  2547.00
 1230.54   535.86   156.17  2916.00
  876.08   591.67   156.60  3112.00
  759.62   777.26   156.30  2640.00
 1357.34   787.44   155.86  2508.00
  696.26   171.92   157.78  3176.00
  371.30   178.06   156.91  2437.00
 1118.31   231.72   157.22  2578.00
 1489.04   334.10   157.58  2993.00
 1404.79   419.31   156.67  2486.00
   32.44   493.67   157.28  2387.00
  852.03   597.36   156.98  2686.00
  498.52   698.61   156.85  2481.00
 1087.62   719.80   157.07  2700.00
  603.62   735.29   156.47  2404.00
   97.54    74.38   157.74  2453.00
 1151.07   150.33   157.50  2525.00
 1243.86   198.34   158.09  2846.00
  692.53   307.15   158.15  2374.00
 1075.38   470.96   158.96  3168.00
 1457.36   486.23   158.16  2728.00
 1261.17   654.90   157.00  2286.00
   82.18    99.06   159.99  2888.00
 1295.95   152.48   159.16  2561.00
  149.50   312.07   159.35  2760.00
  551.96   382.40   160.88  2663.00
  729.45   526.68   158.85  2508.00
 1198.32   645.32   160.05  2715.00
  376.35   756.37   159.69  2767.00
  505.79   765.44   159.12  2561.00
 1446.46    79.69   159.83  2476.00
  891.86   206.11   159.75  2462.00
  730.19   222.31   160.55  2693.00
  769.37   323.37   160.53  2983.00
  241.71   324.33   160.08  2789.00
  353.18   413.76   160.39  3012.00
  144.97   462.42   160.82  2658.00
 1495.48   664.00   160.67  2702.00
   92.97   668.37   159.63  2437.00
 1205.76   692.51   160.22  3028.00
 1481.17   741.89   161.09  2955.00
  504.00   819.00   159.33  2350.00
 1136.10   907.92   160.81  2698.00
  756.63    61.66   160.66  2415.00
 1344.19   105.38   160.92  2473.00
 1017.37   276.30   161.17  2661.00
  747.96   289.96   160.71  2330.00
 1217.83   403.78   161.03  2860.00
    1.77   503.45   162.06  3025.00
 1126.67   556.74   162.06  3071.00
 1275.00   619.53   161.26  2699.00
 1167.93   651.39   160.77  2538.00
  462.44   668.85   163.77  2366.00
  653.28   773.77   161.89  2808.00
  167.06   838.86   160.90  2490.00
  910.07   957.28   161.44  2643.00
  489.01    79.28   162.72  3147.00
  330.31   173.22   161.96  2570.00
   22.89   246.55   162.54  2592.00
  178.49   339.06   161.98  2835.00
  411.97   399.19   162.39  2459.00
  469.90   442.80   161.59  2586.00
  269.22   567.85   161.74  2312.00
 1428.62   625.74   162.70  2772.00
 1285.11   803.61   162.87  3119.00
  206.61   136.96   163.20  2595.00
 1401.88   162.21   163.86  2630.00
 1220.59   245.15   163.46  3214.00
 1122.84   341.03   162.28  2378.00
 1178.22   386.89   162.58  2380.00
 1438.58   395.98   164.30  2802.00
 1035.46   449.35   163.84  2911.00
 1475.17   447.85   163.69  2582.00
 1461.05   517.00   163.43  2581.00
 1449.97   751.33   163.29  2744.00
  427.79   193.18   165.09  3200.00
  791.88   212.98   163.56  2305.00
 1097.30   454.83   164.61  2581.00
  903.10   508.14   163.68  2727.00
 1187.62   596.85   164.47  2414.00
   37.95   729.89   164.28  2901.00
 1222.17   743.98   164.30  2592.00
  318.64   812.72   164.42  2622.00
  555.67   822.69   164.19  2586.00
  482.94   932.09   163.34  2397.00
  925.22   964.04   164.84  2769.00
  699.25   201.82   165.08  2854.00
  766.11   233.00   164.23  2344.00
  801.36   257.69   164.05  2329.00
 1288.14   643.99   165.22  2789.00
 1180.59   880.62   164.52  2341.00
 1394.98   968.42   165.05  2682.00
  658.52   109.41   165.56  2307.00
  212.95   251.28   166.57  2685.00
   34.70   343.42   166.30  2545.00
  316.21   383.98   167.23  3145.00
  355.40   506.90   166.70  2995.00
 1446.30   822.00   165.86  2552.00
  538.93   931.50   166.95  2829.00
 1035.22    73.86   167.57  3089.00
 1223.04   109.79   167.59  2608.00
 1229.96   205.13   166.50  2482.00
   99.73   282.25   166.85  2528.00
  274.27   282.68   166.92  2438.00
 1223.94   429.75   166.72  2382.00
  563.33   520.79   167.26  2361.00
  427.89   767.44   167.12  2629.00
  182.06   805.18   167.82  3011.00
 1244.70   229.76   168.58  2675.00
  778.41   321.02   168.99  2888.00
  995.16   385.13   167.74  2393.00
 1062.00   411.50   171.65  2319.00
 1099.16   423.21   168.13  2576.00
  482.42   559.08   168.08  2424.00
  740.57   604.98   167.92  2593.00
  101.26   310.75   169.54  2908.00
 1315.16   314.11   169.66  3034.00
  248.17   316.02   169.61  3044.00
 1092.58   342.50   168.63  2371.00
  874.96   362.67   168.74  2214.00
  727.67   381.69   168.54  2475.00
  614.03   513.20   170.11  3138.00
  593.71   805.50   168.90  2640.00
 1026.34   970.40   168.59  2395.00
 1213.74   119.99   170.12  2950.00
   27.72   323.95   170.19  2694.00
  174.52   425.35   170.85  2956.00
  118.74   432.50   170.13  2396.00
   26.55   515.18   169.97  2604.00
  595.76   769.98   170.31  2563.00
 1020.26   958.48   169.70  2410.00
  204.35   151.93   171.70  2952.00
  684.71   188.50   172.53  2438.00
 1108.85   428.53   170.95  2642.00
  731.95   496.52   171.16  2799.00
  880.05   860.03   171.03  2649.00
  769.67   941.93   171.05  2666.00
  455.44    66.71   171.92  2548.00
  977.83    88.25   171.76  2459.00
  569.76   153.84   172.47  2880.00
  233.26   216.74   172.21  2417.00
  313.00   233.97   171.78  2539.00
 1136.25   411.53   172.16  2253.00
 1304.68   410.73   171.59  2552.00
  136.02   433.09   172.43  2922.00
 1243.81   660.10   172.27  2773.00
  316.94   776.28   172.76  2732.00
  252.18   796.66   172.78  2802.00
 1031.65   113.57   173.44  2628.00
 1341.79   286.36   172.84  2502.00
  914.19   545.41   172.97  2278.00
   61.22   790.14   174.22  3064.00
   74.48   819.36   172.52  2319.00
 1007.31   239.26   173.67  2599.00
 1417.55   256.61   173.52  2247.00
 1134.04   271.49   175.42  3039.00
   86.13   275.35   174.68  3077.00
  656.38   452.05   173.49  2441.00
 1391.00   583.88   174.15  2896.00
 1050.78   643.58   174.16  2827.00
  381.48   663.84   174.95  2730.00
  676.41   671.14   175.53  2512.00
  642.55   836.16   174.40  2622.00
 1276.46   231.86   175.58  2653.00
  515.97   386.93   174.97  2615.00
  750.73   396.66   175.39  2863.00
 1091.85   470.32   175.32  2590.00
 1118.66   630.28   176.30  2855.00
 1348.90   688.18   174.62  2574.00
 1330.49   770.60   176.66  2905.00
  756.54   972.38   175.33  2424.00
  122.47   111.67   175.39  2350.00
   22.68   355.47   176.11  2384.00
 1223.15   448.04   175.72  2641.00
  891.88   534.88   175.91  2290.00
  330.16   594.50   175.88  2384.00
 1176.57   604.57   176.70  2398.00
  757.30   930.94   177.09  2891.00
  728.56   153.06   176.84  2342.00
  894.18   200.36   177.06  2723.00
 1065.04   225.70   176.95  2873.00
  378.63   237.50   177.65  2528.00
 1259.73   433.67   176.69  2430.00
 1095.52    72.20   178.20  2535.00
  273.44   282.12   177.63  2432.00
  165.25   578.00   177.47  2474.00
  267.03   595.19   178.23  2781.00
  639.15   596.91   177.93  2654.00
  962.02   704.61   177.98  2377.00
  587.50   151.19   178.31  2384.00
   39.93   169.09   179.54  2816.00
 1411.64   174.85   179.46  3085.00
  106.10   219.02   179.06  2558.00
  663.04   220.69   179.68  3183.00
  661.39   233.86   180.15  2670.00
  763.23   267.68   178.78  2483.00
  890.43   474.32   178.54  2366.00
  373.13   522.99   179.74  2944.00
  347.43   909.41   178.73  2482.00
  752.51   946.49   179.98  3011.00
  705.61    63.50   180.20  2475.00
    8.63   116.84   181.27  2930.00
 1463.04   659.25   181.10  3119.00
  957.61   973.15   180.70  2384.00
  239.30    64.60   181.65  2877.00
  781.14   203.39   180.92  2661.00
  585.21   290.50   180.89  2285.00
  915.31   302.04   180.75  2502.00
  752.46   437.44   181.10  2436.00
   25.53   747.47   181.00  2526.00
 1215.55   775.18   180.63  2433.00
  695.92   797.37   181.70  2624.00
  957.75   840.08   181.08  2933.00
 1398.27   897.53   181.58  2916.00
 1069.17   910.44   182.17  2952.00
  620.81   449.65   182.12  2812.00
 1528.86   451.64   183.28  2842.00
  563.54   486.48   183.05  2850.00
  626.11   588.40   182.82  2932.00
  347.29   618.36   182.68  2865.00
 1144.90   659.79   182.38  2591.00
  162.45   703.81   182.33  2693.00
  634.58   766.92   182.33  2543.00
  339.97   786.82   181.00  2105.00
  923.66   823.47   182.20  2702.00
 1325.08   895.40   181.35  2424.00
  607.67   896.80   181.80  2464.00
  775.64    81.36   183.08  2435.00
  372.49    90.26   182.77  2545.00
  990.58   137.07   183.73  3043.00
   27.73   181.25   183.10  2462.00
 1191.55   219.38   183.04  2717.00
  302.84   366.76   183.38  2610.00
  760.74   369.86   182.54  2458.00
  845.04   601.63   182.31  2505.00
  360.94   624.67   182.50  2458.00
  457.62   758.73   183.82  2854.00
  258.44   797.78   183.47  2785.00
    6.43   851.72   183.50  2876.00
  373.20   873.24   183.65  2758.00
 1173.00    57.43   184.72  2661.00
 1021.58   208.03   183.45  2516.00
 1203.95   273.82   184.57  3128.00
  182.94   274.32   185.29  3040.00
 1083.92   441.02   184.16  2549.00
  879.17   467.01   184.55  3123.00
 1478.61   828.12   185.45  3051.00
 1468.63   940.36   183.91  2778.00
  170.38   104.95   184.81  2654.00
  948.10   224.82   184.85  2484.00
  352.19   253.97   184.94  2375.00
 1140.86   275.01   185.04  2795.00
  616.34   338.78   185.58  2695.00
  113.24   492.72   184.92  2539.00
  895.93   593.38   184.62  2298.00
  708.21   865.64   186.06  2867.00
  341.99    99.56   186.87  2597.00
  698.52   224.34   185.48  2376.00
 1260.91   224.65   186.76  2906.00
  479.52   292.42   185.72  2435.00
  456.20   333.73   186.07  2385.00
  406.67   375.39   187.07  3038.00
   40.89   683.15   186.31  2999.00
 1134.76   906.36   186.72  2714.00
  827.04   963.70   187.27  2907.00
  171.90   315.32   187.52  3138.00
  521.86   480.95   188.35  3056.00
 1057.69   502.97   187.72  3207.00
  577.07   610.75   187.20  2560.00
  804.72   623.38   187.85  2770.00
  330.29   718.95   187.31  2571.00
 1178.91   893.61   187.30  2388.00
  885.76   910.05   186.47  2515.00
 1130.24   919.42   186.53  2528.00
 1026.97   263.68   187.32  2282.00
 1087.12   472.86   188.73  3307.00
 1312.42   499.65   188.59  3184.00
 1295.33   560.96   188.00  2365.00
  517.50   585.41   188.06  2676.00
  793.18   626.22   188.81  2746.00
  742.25   781.90   188.35  2532.00
  939.94   811.50   187.17  2323.00
  776.38   901.58   187.55  2426.00
  132.20   955.49   188.22  2487.00
  994.79   108.07   188.25  2378.00
  843.06   168.05   189.83  3055.00
  598.21   239.50   189.19  2938.00
  804.55   238.73   189.41  2675.00
 1060.37   489.35   189.65  2504.00
  969.12   532.34   190.09  2900.00
 1215.93   541.93   189.45  2710.00
  212.81   691.13   188.65  2349.00
  520.07   861.68   189.99  3100.00
 1442.34   920.28   189.81  3013.00
 1000.56   954.78   189.22  2514.00
 1056.08   974.92   189.25  2328.00
 1080.26   199.55   190.24  2559.00
 1411.56   302.33   189.36  2426.00
  653.48   389.22   190.53  2889.00
 1442.05   411.09   190.07  2631.00
 1434.35   413.67   189.47  2481.00
  820.31   478.59   190.12  2635.00
  399.09   504.07   190.28  2923.00
 1389.51   581.91   190.32  2546.00
  563.96   673.79   189.99  2636.00
 1199.90   674.35   189.45  2347.00
 1435.39   887.67   189.30  2371.00
  263.29   347.23   190.29  2359.00
  971.79   436.86   191.74  2955.00
  312.66   737.58   191.58  2710.00
  792.39   737.13   191.28  2567.00
 1194.19   841.59   190.55  2495.00
  616.88   184.82   192.45  2694.00
 1033.25   210.05   192.26  2936.00
  550.31   310.47   192.67  2578.00
 1333.07   448.33   192.10  2366.00
  303.96   543.92   192.62  3189.00
  470.57   683.97   192.06  2688.00
 1463.69   690.81   191.48  2482.00
  721.44   726.95   192.98  3138.00
  639.20   845.11   192.68  3099.00
 1527.19   853.86   191.92  2664.00
 1058.57   880.19   192.76  2896.00
 1070.03    56.39   192.87  2283.00
  781.64   106.55   193.14  2585.00
  604.73   147.85   193.99  3149.00
  299.65   179.82   193.17  2978.00
 1255.20   180.25   193.07  2735.00
  951.00   280.06   193.41  3040.00
  312.64   321.26   192.49  2578.00
  376.95   388.70   193.81  3039.00
  249.50   485.25   192.96  2665.00
  753.89   513.32   193.25  2377.00
  967.52   568.01   193.40  2990.00
  710.43   621.91   193.26  2721.00
 1224.61   627.51   193.15  2571.00
  100.43   649.89   193.11  2711.00
  512.45   698.29   192.65  2382.00
  494.28   735.60   194.00  2690.00
  565.44   811.47   193.65  2598.00
   62.04   828.33   194.01  2910.00
 1407.33   121.46   193.79  2427.00
  730.78   195.73   195.12  3115.00
  482.72   281.32   194.33  2892.00
  514.57   419.97   194.58  2682.00
 1205.94   650.14   195.06  3029.00
  690.21   651.79   193.83  2412.00
 1512.09   733.84   194.69  2857.00
   24.40   744.20   193.43  2426.00
 1243.17   760.12   194.66  3368.00
  842.06   844.52   194.95  2985.00
 1466.99   925.02   193.95  2727.00
 1404.06   962.47   194.17  2392.00
  344.80    52.80   196.40  2996.00
  962.23   109.35   195.02  2641.00
   15.25   346.89   196.72  2787.00
  746.62   385.36   196.24  3167.00
  282.90   421.75   195.58  3283.00
 1009.71   493.64   196.08  3048.00
  739.26   530.63   195.67  2918.00
 1328.29   614.76   195.13  2635.00
 1037.23   736.03   194.54  2399.00
   62.55   758.86   195.13  2866.00
 1430.69   879.67   195.81  2986.00
 1197.53   936.21   195.73  2803.00
  382.93   964.21   195.75  2664.00
  841.32   256.03   196.65  2942.00
  586.76   370.62   195.83  2335.00
  662.45   751.01   196.97  2909.00
   25.42   913.03   195.88  2585.00
 1409.53   957.92   196.06  2411.00
 1528.85    61.19   197.44  2341.00
  993.25   234.45   196.55  2373.00
   28.08   277.14   197.68  2574.00
 1453.47   360.46   197.21  2926.00
 1021.93   664.65   197.75  2791.00
  216.42   686.13   196.63  2407.00
   43.92   691.12   197.84  2662.00
 1056.57   805.43   196.21  2521.00
 1302.80   960.43   196.46  2401.00
  353.35   342.90   198.03  2588.00
 1197.89   508.32   198.92  2924.00
 1339.87   644.71   197.39  2382.00
  227.50   662.39   197.42  2339.00
  856.84   118.47   199.19  3217.00
  426.61   126.54   198.98  2541.00
  962.13   218.13   198.77  2413.00
  801.81   319.12   198.50  2184.00
  545.03   359.52   200.71  2772.00
  478.08   471.76   199.66  2917.00
 1429.13   477.75   199.62  3045.00
 1144.11   625.26   198.43  2459.00
 1530.81   689.47   199.39  2356.00
  529.88   772.61   199.39  2620.00
 1372.95   879.07   199.19  2936.00
  436.67   221.56   200.46  2410.00
  487.00   268.97   199.29  2412.00
  600.56   392.28   200.91  2960.00
   80.72   402.85   200.38  2770.00
  759.94   502.07   200.67  2922.00
  979.51   757.21   200.65  2884.00
 1520.97   845.37   200.24  2800.00
 1044.39   851.55   199.77  2446.00
 1266.22   883.17   199.94  2520.00
  179.27   924.45   200.86  2979.00
  313.63   110.11   201.70  2700.00
 1098.98   128.98   201.51  2370.00
 1088.63   198.60   201.20  2947.00
  382.43   220.06   202.02  2904.00
   81.44   237.75   202.10  2591.00
  133.48   555.56   200.73  2552.00
  862.45   697.24   200.98  2695.00
 1405.63   715.16   200.88  2390.00
  587.56   970.39   201.59  2347.00
  554.13   238.49   202.80  2870.00
 1120.59   364.63   202.68  3132.00
  956.96   366.74   201.44  2335.00
 1064.96   389.37   202.11  2311.00
 1498.41   477.39   202.18  2545.00
 1041.89   520.55   202.44  2759.00
 1096.89   539.04   201.71  2321.00
  124.26   553.09   201.32  2415.00
 1529.52   584.30   202.63  2807.00
 1236.59   621.08   203.11  3002.00
  500.57   811.45   203.00  2820.00
  424.90   828.22   202.73  2492.00
  534.64   845.61   202.85  2045.00
  509.66   104.83   202.86  2844.00
   12.17   306.77   202.87  2321.00
 1436.57   325.07   203.78  2696.00
  341.22   357.94   202.56  2393.00
  554.33   362.63   202.74  2335.00
  674.87   430.35   203.75  2742.00
 1511.15   644.55   203.41  2858.00
 1028.38   699.60   203.04  2475.00
  911.84   854.70   202.97  2745.00
  812.66   875.13   202.61  2410.00
   60.94    69.36   203.42  2406.00
  571.84   181.31   203.00  2261.00
   40.79   266.74   204.74  2749.00
  504.97   502.30   203.13  2227.00
  665.75   704.25   204.96  3062.00
  993.90   769.65   203.85  2349.00
   16.61   879.54   205.40  3011.00
  628.18   899.90   204.81  3074.00
  239.90   940.98   203.84  2437.00
  158.56   145.55   205.55  2631.00
  703.20   276.87   204.76  2497.00
 1293.36   285.33   205.89  2967.00
  968.47   355.97   205.24  2689.00
   65.15   535.96   205.10  3061.00
  802.21   584.40   206.31  2318.00
  783.46   660.38   206.12  2767.00
  908.53   706.88   204.81  2654.00
  298.80   728.68   205.47  2711.00
   82.50    87.24   205.76  2523.00
  687.60   163.09   205.42  2603.00
 1508.86   204.33   207.23  3100.00
  111.45   262.38   206.61  2931.00
  914.43   298.37   205.40  2342.00
 1497.14   430.95   206.02  2873.00
  884.86   487.22   206.08  2710.00
  418.64   716.69   206.16  2583.00
  208.07   719.88   205.91  2579.00
  842.92   734.78   206.35  2579.00
   26.49   774.66   206.29  2628.00
 1175.92   811.11   206.78  2776.00
  813.61   834.97   206.58  3058.00
  208.40   911.58   206.00  2569.00
   46.87    57.37   207.46  2404.00
  402.05    68.96   207.60  2957.00
  392.06   321.30   207.00  2627.00
 1290.55   338.00   207.26  2464.00
  655.52   448.57   207.52  2778.00
  662.33   677.05   206.51  2204.00
  730.97   837.87   206.40  2370.00
  220.77   946.50   206.73  2474.00
  820.52   103.12   208.09  2477.00
  911.88   169.34   208.04  2903.00
 1431.73   337.60   207.88  2500.00
   71.62   344.17   207.96  2573.00
 1328.54   477.35   207.68  2374.00
  171.95   501.07   207.68  2529.00
  615.61   645.05   208.69  2524.00
 1012.22   840.03   208.86  2818.00
  363.35   100.85   208.59  2421.00
  895.64   386.56   208.58  2450.00
 1513.64   443.27   209.04  2430.00
 1199.05   597.08   209.09  2885.00
 1004.90   619.36   209.43  2557.00
  149.80   664.04   209.70  2942.00
  866.08   673.95   210.06  2957.00
  662.23   114.48   210.67  2659.00
  946.68   193.11   209.29  2370.00
  771.61   316.33   210.79  3028.00
  313.59   332.02   210.90  2851.00
 1060.72   382.44   210.86  2708.00
  883.86   389.22   210.17  2459.00
  456.03   409.13   210.89  2763.00
  300.09   494.54   210.04  2570.00
  933.37   562.32   210.25  2656.00
 1302.60   630.14   210.84  3216.00
  464.82   669.18   210.06  2361.00
  899.19   683.60   210.50  2945.00
 1085.42   692.02   211.00  3165.00
 1391.31   713.95   210.81  2653.00
   12.63   155.49   211.17  2953.00
 1324.50   285.83   210.67  2297.00
  471.87   294.28   211.64  2768.00
  594.05   436.74   211.46  2644.00
  586.74   522.91   211.55  2645.00
 1139.30   582.64   210.81  2614.00
 1286.34   621.97   211.42  2647.00
 1206.00   624.50   210.00  2340.00
 1530.31   665.31   212.24  2868.00
  934.69   703.50   210.38  2376.00
  669.80   718.63   211.16  2744.00
 1114.62   787.00   210.60  2518.00
  554.14   929.51   210.89  2350.00
 1295.92   932.73   211.90  2716.00
 1510.47   150.79   211.21  2363.00
  553.59   163.34   212.29  2850.00
  994.53   182.40   212.61  2843.00
 1300.05   405.29   212.50  2860.00
  682.33   557.08   211.92  2550.00
  978.75   568.17   211.56  2352.00
 1198.20   581.22   211.49  2433.00
  507.83   616.91   213.02  2995.00
  803.17   718.72   211.85  2597.00
  476.85   734.02   213.03  3312.00
  674.06    95.00   214.41  3044.00
  676.64   108.83   213.06  2449.00
 1054.46   160.61   213.42  2960.00
  951.51   164.31   213.25  2783.00
  363.04   290.56   212.84  2661.00
  919.39   422.66   212.26  2347.00
 1507.76   423.59   213.48  2378.00
 1493.28   584.85   213.50  3133.00
   39.30   725.03   212.23  2378.00
  701.31   728.70   213.08  2648.00
  850.00   804.27   214.34  3014.00
  971.10   829.30   213.01  2786.00
 1096.42   890.92   213.57  2675.00
  288.87    54.81   214.35  2540.00
   40.72   150.02   214.40  2567.00
  587.41   167.81   214.61  2688.00
    6.21   249.50   213.47  2409.00
  127.91   249.97   213.88  2430.00
  731.93   257.88   213.86  2344.00
  884.27   292.07   214.55  2661.00
 1412.40   404.17   213.67  2384.00
 1031.37   464.19   213.92  2750.00
  902.98   503.61   214.41  3040.00
  951.77   542.04   215.27  2996.00
 1408.43   744.45   214.65  3133.00
 1239.62   892.34   213.88  2431.00
  183.96    95.93   214.61  2384.00
  270.75   180.19   214.69  2411.00
 1151.22   229.38   216.14  2885.00
 1250.97   362.43   214.80  2277.00
  839.26   439.46   214.97  2681.00
   49.97   551.25   215.88  2905.00
   60.63   558.22   215.52  3247.00
 1119.57   604.57   215.93  2834.00
 1165.79   643.46   215.57  2612.00
 1252.79   649.34   215.79  2961.00
  111.97   770.49   215.05  2472.00
  741.71   805.53   215.91  2921.00
 1391.89   957.21   215.83  3076.00
  952.89   177.02   216.58  3299.00
  504.28   243.92   216.00  2797.00
  635.40   450.04   216.78  2381.00
  865.01   587.04   216.13  2744.00
 1255.15   586.58   217.26  2910.00
 1235.38   731.56   215.29  2393.00
 1120.68   831.71   216.67  2795.00
 1321.55   840.59   216.15  2735.00
 1145.64   853.77   216.06  2630.00
 1069.30   865.05   217.24  2967.00
  305.00   951.04   216.67  2344.00
   37.59   115.05   217.36  2518.00
  598.89   413.42   216.68  2525.00
  186.67   421.78   216.56  2331.00
  789.99   467.16   217.93  3212.00
  136.10   942.37   217.08  2473.00
  781.10   231.54   217.86  2761.00
 1416.09   345.43   219.09  3267.00
  795.47   444.53   217.98  2505.00
  699.23   466.91   218.61  2992.00
  334.27   590.42   218.53  2362.00
  855.27   606.94   217.73  2534.00
  730.57   688.89   219.03  3251.00
  315.21   701.16   218.37  2907.00
  406.06   857.31   217.57  2266.00
  558.81    82.92   218.56  2415.00
  693.20   130.81   220.15  2888.00
  128.08   179.19   219.76  3090.00
 1043.80   195.34   219.38  2575.00
  127.82   564.13   219.35  2925.00
  740.40   580.63   218.97  2547.00
  737.07   748.02   219.38  2176.00
 1163.91   862.47   220.18  2918.00
  341.68   965.11   219.88  2769.00
  452.50    52.73   220.68  2359.00
  746.15   127.10   220.14  2763.00
  731.26   243.33   220.35  2814.00
  203.45   347.95   220.53  2837.00
 1227.00   535.78   220.06  2572.00
  732.61   569.59   220.21  2887.00
  611.71   704.00   220.58  2759.00
  574.14   754.52   219.73  2383.00
    7.86   256.74   221.56  2944.00
  747.77   346.17   221.06  2826.00
  158.28   508.32   220.98  2559.00
  952.92   658.61   221.00  2800.00
  898.77   902.73   221.27  2559.00
  840.05   934.36   220.78  2619.00
  761.07   108.46   221.25  2283.00
 1368.33   179.59   223.18  2967.00
  896.96   207.27   222.99  2983.00
  729.50   210.58   221.95  2382.00
  245.40   319.21   223.06  3082.00
  764.75   414.23   222.38  3048.00
  785.61   512.96   222.55  2715.00
 1435.28   604.88   222.22  2754.00
  971.76   612.63   222.46  3403.00
 1209.69   649.31   221.69  2377.00
 1318.98   323.61   223.18  2388.00
  841.43   375.61   223.13  2797.00
  570.73   376.69   223.00  2877.00
  575.99   451.94   223.09  2828.00
 1176.00    78.81   223.95  2710.00
  638.52    97.24   224.07  2505.00
  770.57   217.39   224.41  2749.00
  186.51   247.20   224.42  2411.00
  840.11   247.46   224.09  2340.00
 1286.35   285.63   224.38  2761.00
 1387.36   417.27   223.78  2566.00
 1090.31   422.50   223.81  2542.00
  482.06   439.04   224.47  3006.00
  926.47   698.29   225.51  2911.00
  865.62    57.50   224.83  2284.00
 1017.47   144.84   225.11  2695.00
  904.78   148.27   225.24  2917.00
  291.25   296.73   224.55  2504.00
 1349.67   375.33   224.47  2458.00
 1228.55   418.51   224.90  2785.00
  403.12   424.21   225.11  2711.00
  554.20   543.24   225.20  2634.00
  911.03   836.03   224.44  2448.00
  616.21   885.82   225.07  2707.00
  951.45   935.18   225.03  2640.00
 1476.96    76.92   226.59  2997.00
 1017.73    78.25   226.54  3142.00
  931.85   254.91   226.24  2439.00
 1252.81   295.58   227.29  3151.00
  247.75   328.65   225.50  2467.00
  797.48   443.65   227.29  2920.00
  754.88   621.52   226.14  2465.00
  189.38   678.36   226.33  3017.00
  799.07   154.34   228.04  2702.00
  377.65   221.73   227.37  2685.00
 1396.79   230.93   226.89  2367.00
  159.41   378.98   227.15  2632.00
  530.94   409.21   227.66  3117.00
  344.85   431.50   226.47  2308.00
  652.08   723.17   226.97  2746.00
 1020.44    55.98   228.05  2559.00
  325.38   148.30   228.42  2617.00
  989.44   324.47   229.09  2899.00
  540.94   402.55   228.96  2748.00
  417.89   502.96   227.44  2309.00
 1304.31   573.07   227.21  2323.00
  587.39   656.96   228.71  2734.00
 1377.90   734.56   228.73  2617.00
  255.83   876.40   227.89  2572.00
 1343.04   434.21   228.32  2269.00
  917.79   442.64   229.86  2803.00
  243.13   508.67   229.88  2678.00
  412.35   565.15   228.77  2536.00
   39.21   915.24   229.57  2730.00
 1229.31   365.80   231.68  2804.00
  125.64   372.27   230.87  3020.00
 1060.31   594.49   230.44  2804.00
  128.89   619.57   229.41  2446.00
  572.12   900.97   229.29  2413.00
  709.60   117.68   231.43  3043.00
  189.22   186.39   231.70  2903.00
  737.01   287.81   231.79  2849.00
 1043.58   295.89   231.86  2916.00
  766.57   362.99   231.82  2812.00
 1341.79   393.94   230.42  2407.00
  405.00   529.89   230.37  2324.00
  777.23   530.65   231.25  2526.00
  422.10   560.51   230.98  2682.00
  972.85   673.04   231.33  2451.00
  964.92   703.21   230.69  2432.00
 1518.61   761.33   231.64  2703.00
  398.62   867.72   231.79  2696.00
  502.56   185.91   231.95  2796.00
 1048.43   332.73   232.84  2829.00
  183.97   742.52   231.94  2430.00
  100.17   850.70   231.57  2360.00
  125.07   883.86   232.94  2599.00
  795.00    67.03   233.18  2431.00
  534.46   227.01   233.90  3106.00
   47.17   363.03   233.06  2442.00
 1189.71   604.41   232.26  2362.00
  116.21   616.03   232.45  2423.00
  937.41   688.98   233.45  2958.00
  818.75   714.31   232.94  2672.00
  556.86   772.78   233.81  3188.00
  335.79   773.43   232.61  2309.00
 1121.45   833.77   233.10  2523.00
  947.78   923.84   233.53  3037.00
 1181.18   268.38   234.62  2948.00
  735.88   319.27   233.88  2564.00
 1478.53   447.86   233.81  2470.00
  563.45   463.88   235.12  3025.00
   93.76   525.51   234.67  2785.00
 1341.00   802.00   233.50  2399.00
  152.68   899.46   234.00  2397.00
  738.03   136.72   234.24  2399.00
  722.50   138.16   234.34  2363.00
   37.28   142.86   234.24  2393.00
  535.47   216.56   236.23  3204.00
  612.44   328.95   235.76  2915.00
  907.84   377.32   235.62  2579.00
  833.86   551.36   234.97  2554.00
  795.13   723.34   235.80  2766.00
  985.73   795.95   235.12  2478.00
 1206.83   924.55   234.86  2730.00
  291.39   926.89   234.32  2359.00
  721.03   181.34   236.02  2924.00
  871.48   282.90   236.43  2882.00
  248.56   323.25   235.47  2181.00
  186.27   355.68   235.89  2593.00
  845.83   375.07   236.54  2961.00
  323.37   469.27   236.16  2887.00
  543.94   500.21   236.39  2892.00
 1088.71   618.61   236.18  2532.00
  524.60   794.99   237.30  2883.00
  480.43    97.23   236.74  2708.00
  161.13   185.92   236.93  2743.00
  693.60   263.04   236.47  2485.00
  109.77   392.65   237.81  2829.00
 1346.97   492.35   237.30  2713.00
 1108.03   648.82   238.06  3222.00
   79.10   793.47   237.38  2476.00
  466.30   935.26   236.67  2327.00
 1452.00   944.95   237.89  2803.00
  804.89    93.63   237.44  2312.00
  318.27   110.34   239.10  2763.00
  544.88   171.08   238.13  2612.00
  927.72   190.78   238.77  2802.00
  880.97   288.76   237.73  2645.00
  170.77   385.12   238.00  2867.00
  387.77   488.25   238.10  2625.00
 1254.91   497.96   238.84  2857.00
  632.80   573.47   237.50  2314.00
  879.78   645.21   238.83  2997.00
 1463.81   707.11   238.81  2803.00
 1054.97   860.03   237.45  2388.00
  395.07   115.97   238.66  2379.00
 1064.07   162.47   238.93  2583.00
  395.98   533.96   239.32  2669.00
  246.01   964.49   239.46  2546.00
 1358.04    60.36   239.68  2217.00
 1089.31   164.36   239.80  2622.00
 1344.95   167.34   239.32  2397.00
  707.70   213.88   239.97  2512.00
 1047.14   288.61   240.16  2585.00
  129.38   411.79   239.41  2329.00
 1081.13   446.45   240.64  2995.00
  899.20   473.17   240.57  3126.00
  514.30   663.64   239.27  2411.00
  244.93   776.04   240.83  2913.00
 1215.62   950.62   239.92  2626.00
  899.39   954.19   240.69  2665.00
  454.78   302.32   240.46  2457.00
  591.13   329.77   242.23  2862.00
 1092.04   333.96   241.07  2699.00
 1383.64   335.96   241.12  2564.00
  510.89   762.40   241.32  2579.00
  346.03   888.79   240.55  2350.00
  975.32   238.95   241.38  2309.00
 1242.62   284.92   243.06  2932.00
  480.03   293.77   241.70  2362.00
 1144.00   373.83   242.34  2432.00
  789.65   378.06   241.45  2364.00
 1252.50   460.71   241.50  2261.00
 1249.20   573.10   242.10  2381.00
 1276.23   601.95   242.43  2657.00
   47.03   866.83   241.45  2374.00
 1018.92   941.56   241.68  2561.00
 1227.52    72.03   242.68  2366.00
 1373.84   144.01   243.44  2080.00
 1444.12   546.75   243.80  3006.00
  822.50   622.00   243.84  3036.00
 1310.44   733.56   242.41  2406.00
  108.67   797.25   242.31  2276.00
  283.23   913.77   243.75  2803.00
  471.43   927.19   243.28  2606.00
 1395.81   196.01   244.49  2887.00
 1072.74   453.76   244.04  2532.00
  608.90   457.76   244.77  3005.00
 1355.74   457.38   243.97  2499.00
 1233.63   557.32   244.62  2615.00
 1033.57   611.38   243.89  2524.00
    9.41   611.68   243.68  2443.00
  846.40   722.54   243.37  2401.00
  268.00   727.10   244.27  2451.00
  425.11   748.04   243.44  2343.00
  675.02   782.27   248.32  2503.00
  746.46   847.13   244.42  2746.00
 1380.07    59.95   245.11  2475.00
  306.19   224.23   245.42  2834.00
  350.75   317.27   245.39  2961.00
 1395.11   866.90   244.88  2841.00
  405.18   907.50   245.52  3000.00
 1384.95   114.73   247.52  2727.00
  391.29   356.71   245.74  2402.00
  629.37   408.44   246.74  2554.00
  396.16   412.97   245.55  2382.00
  436.91   438.08   247.64  2749.00
 1287.35   460.09   245.41  2457.00
  937.68   488.06   247.18  2677.00
  284.25   741.60   246.00  2576.00
  287.04   755.40   248.03  2318.00
  199.43   819.32   245.54  2313.00
 1219.15   285.15   248.19  3115.00
   38.55   289.99   247.72  2611.00
  532.83   578.36   247.09  2542.00
 1163.22   590.04   246.19  2331.00
  746.44   660.69   248.34  3000.00
 1048.03   773.26   246.54  2370.00
   16.23   839.00   246.57  2412.00
  935.09   212.89   249.42  2793.00
  335.53   267.97   248.97  2739.00
  569.07   416.08   248.94  2745.00
 1295.77   436.43   248.93  2472.00
 1430.04   548.08   249.03  3115.00
  621.84   671.02   248.89  2901.00
 1034.60   143.85   249.46  3115.00
 1024.46   267.64   249.72  2362.00
  814.70   288.33   249.25  2571.00
  789.93   360.48   249.55  3096.00
 1358.04   361.48   248.59  2239.00
  474.44   372.24   249.73  3347.00
  716.93   403.81   249.58  3728.00
 1358.20   413.98   249.17  2502.00
  564.07   726.20   249.83  3982.00
 1184.20   744.38   249.71  2684.00
  868.67   792.22   249.28  2824.00
  542.04   794.54   249.53  3616.00
 1416.95   805.05   249.21  2614.00
 1118.97   917.81   249.75  3405.00
  577.17    53.73   249.94  2624.00
  349.87   179.15   250.18  3035.00
 1418.56   179.83   250.05  2436.00
  490.23   221.33   250.01  3137.00
 1526.14   258.63   250.10  3362.00
  101.62   312.65   249.97  3040.00
  378.87   315.40   249.77  2259.00
  727.47   388.33   250.02  3313.00
  685.01   422.51   249.95  3050.00
  179.52   434.78   250.05  2889.00
  879.51   472.24   249.88  2614.00
  573.61   511.97   249.88  3536.00
 1101.81   598.83   249.95  2676.00
 1065.43   652.47   249.80  3586.00
  221.87   654.46   250.05  3276.00
 1180.70   767.57   249.90  2747.00
 1184.40   830.99   249.82  3363.00
 1266.79   905.33   249.93  3556.00
 1181.69   938.58   249.97  3156.00
 1481.42   965.75   250.08  2487.00
 1502.17   115.17   250.45  2599.00
 1384.91   278.24   250.32  2479.00
 1400.79   371.74   250.26  2464.00
  867.71   394.29   250.39  2570.00
 1474.77   421.49   250.19  2948.00
 1248.10   437.90   250.62  2622.00
  963.15   453.88   250.39  2434.00
  461.48   511.52   250.42  2465.00
  111.17   548.09   250.31  2788.00
  242.47   552.42   250.29  3004.00
  454.39   616.03   250.21  2637.00
 1162.04   657.96   250.28  2970.00
  815.66   659.59   250.25  2409.00
 1329.84   683.57   250.26  2881.00
  549.19   693.11   250.26  2662.00
  761.17   698.20   250.38  2632.00
  693.20   712.33   250.17  2825.00
  878.94   850.77   250.25  2646.00
 1463.62   917.17   250.24  2673.00
 1139.62   933.59   250.41  2430.00
  878.71   974.50   250.29  2480.00
 1435.00   498.50   250.60  2584.00
