  462.11    62.75     4.24  2730.00
  391.08    83.03     4.67  3034.00
  262.41   354.41     1.78  2546.00
  335.32   376.48     3.20  2895.00
  402.63   387.10     3.94  2783.00
  277.08   419.55     3.86  2774.00
  227.30   439.65     4.93  3631.00
  123.37   587.19     3.23  2935.00
  343.62   795.78     4.54  2690.00
  173.45   862.47     2.30  2549.00
  185.81   884.75     2.71  3537.00
  306.83   919.68     3.88  2513.00
  164.13    70.94     6.03  2507.00
  187.07   224.21     6.17  2909.00
  127.84   458.74     7.26  2707.00
  471.91   764.91     6.38  2704.00
   98.34   206.39     7.38  3105.00
  608.43   528.31     7.67  2877.00
   59.26   720.93     7.46  2669.00
  458.45   760.38     7.05  2577.00
  636.46   793.86     7.50  3053.00
  780.38   843.82     7.12  3065.00
  110.69   165.08     7.47  2503.00
  722.02   313.94     8.71  2879.00
  890.59   467.14     7.50  2630.00
  381.76   594.51     7.96  2801.00
  202.91   599.58     7.90  2730.00
  506.58   642.30     8.73  3067.00
   13.79   653.04     7.83  2518.00
 1529.88   684.77     9.33  3298.00
  629.58   763.14     8.22  2581.00
  930.52   780.32     8.44  2794.00
  558.63   895.27     8.15  2766.00
  490.48   909.63     8.77  2591.00
  163.94   930.30     8.43  2733.00
  758.80   136.69     9.05  2888.00
  112.41   151.98     9.47  2784.00
 1531.36   363.92     9.05  2737.00
  781.64   445.15     8.85  2323.00
  132.95   450.54     8.85  2739.00
  972.40   466.88     9.55  2727.00
  480.83   492.35     9.84  2614.00
  467.59   518.21    10.05  2210.00
  173.64   539.91     9.05  2936.00
  613.33   568.81     8.31  2354.00
  786.83   837.16     9.36  2714.00
  555.24   851.00     7.89  2232.00
  772.08   852.95     9.53  2733.00
  143.03   854.90     9.59  2957.00
  530.42   912.09     9.43  2683.00
  567.51   912.18     9.23  2513.00
   34.48   938.05     8.64  2338.00
 1094.72   963.10     9.61  3040.00
 1175.13   228.36    10.21  2564.00
  316.51   320.68     9.98  2498.00
  671.47   331.81     9.36  2304.00
 1183.73   335.78    10.34  2896.00
 1052.06   423.18    10.58  2925.00
  495.59   444.48     9.38  2363.00
  417.15   506.18    10.50  2803.00
 1207.74   618.39     9.68  2648.00
 1299.32   664.66    10.11  2628.00
  750.54   712.82    10.24  2419.00
  268.21   762.07     9.96  2361.00
  495.07   820.55    11.81  2595.00
  405.07   846.10    11.12  2933.00
  320.62   873.39    11.81  2604.00
 1167.50   886.61    10.27  3137.00
  573.50   926.36     9.54  2353.00
  733.90   176.33     9.90  2224.00
  832.44   177.90    10.46  2454.00
 1509.71   177.81    10.88  2647.00
  127.53   198.49    11.14  2756.00
  855.42   207.78    10.53  2331.00
  905.85   212.36    11.62  2948.00
 1155.64   273.64    10.42  2455.00
 1124.28   344.73    11.35  2872.00
  912.16   625.23    12.43  2800.00
  336.06   646.52    11.91  2281.00
  329.20   655.02    11.60  2791.00
  880.66   660.77    11.59  2864.00
  992.63   695.06    10.46  2420.00
 1315.07   699.55    10.79  2357.00
  940.43   795.21    10.43  2347.00
  576.10   946.51    10.82  2355.00
 1019.68    91.06    13.44  2876.00
  841.07   148.97    11.33  2384.00
  655.78   205.95    12.87  3005.00
 1512.33   277.40    11.65  2498.00
  152.77   333.30    15.33  2367.00
 1045.06   451.43    12.05  2591.00
  431.50   501.58    12.13  2623.00
  725.35   593.70    12.64  2678.00
  988.69   743.96    12.22  2438.00
 1010.44   840.13    11.91  2575.00
 1225.97   128.59    12.54  2496.00
  618.13   162.04    14.26  2928.00
 1507.76   236.00    11.79  2199.00
  446.98   288.76    13.00  2635.00
 1242.83   310.00    12.58  2542.00
 1479.19   513.44    12.91  2708.00
  730.18   579.30    13.83  2684.00
  380.80   682.49    13.62  2918.00
  396.25   687.89    12.74  2633.00
 1214.72   752.83    13.31  2541.00
  229.67   857.00    13.50  2781.00
  874.32   909.39    12.86  2737.00
 1110.98   105.11    14.44  2875.00
  803.56   181.84    14.11  2514.00
 1291.63   234.93    13.53  2420.00
 1349.63   302.35    14.26  2401.00
 1377.96   454.94    15.21  2689.00
 1070.77   478.17    13.70  2300.00
  439.92   665.70    14.46  2247.00
  116.74   702.53    14.53  2761.00
  893.68   793.37    14.06  2641.00
  595.15   811.00    13.76  2389.00
  928.16   877.48    13.61  2503.00
 1456.79   883.06    13.21  2411.00
  103.46   141.03    15.15  2682.00
  797.50   196.88    14.00  2286.00
 1264.60   306.67    15.99  2829.00
  844.25   490.87    14.84  2744.00
 1530.50   515.50    14.50  2306.00
  994.45   687.05    15.75  2559.00
 1227.07   727.57    16.50  3063.00
  883.81   781.63    15.05  2477.00
  890.90   224.44    16.25  2778.00
  298.97   485.09    15.84  2382.00
 1110.03   747.47    15.27  2344.00
  682.87   971.00    16.07  2278.00
 1150.26   148.03    17.44  2372.00
  867.94   170.22    17.40  2811.00
  108.33   190.24    17.24  2436.00
  631.40   192.07    17.18  2453.00
  129.96   248.22    17.91  3493.00
  275.84   354.65    16.16  2306.00
   17.10   465.45    17.11  2795.00
  389.77   513.28    17.30  2497.00
  163.09   694.27    18.55  2267.00
  974.27   937.41    18.42  2782.00
  718.91    98.72    18.27  2707.00
 1249.59   120.38    17.98  2822.00
 1134.11   429.09    18.61  2953.00
  731.87   711.39    17.98  2727.00
 1304.30   761.23    17.50  2381.00
  979.69   912.75    18.83  2419.00
  776.90   956.28    18.92  2576.00
 1098.50    86.70    19.20  2564.00
  919.63   206.75    19.00  2832.00
  930.02   224.58    19.43  2506.00
  170.29   431.84    19.50  2486.00
 1334.91   519.77    19.89  2851.00
  217.31   568.29    19.08  2479.00
  718.42   747.66    18.51  2501.00
  991.98   947.15    19.45  2522.00
  428.53   124.89    20.36  3045.00
  106.83   126.66    21.33  2928.00
  508.45   177.74    21.28  2971.00
   35.74   373.94    20.06  2941.00
  412.61   506.79    19.79  2410.00
  947.95   648.25    20.50  2453.00
  395.92   660.50    21.00  2649.00
   38.61   694.77    20.48  2853.00
  447.38   704.38    19.32  2414.00
  873.80   842.31    21.81  2893.00
 1265.56   123.13    20.91  2482.00
  572.15   180.50    20.65  2378.00
  972.41   350.46    21.96  2807.00
  210.30   595.93    20.47  2374.00
 1043.38   607.33    21.15  2515.00
 1429.77   608.17    21.67  2574.00
  994.37   650.45    21.64  2692.00
  434.89   739.44    21.15  2766.00
  899.22   876.74    22.89  2899.00
    2.08   924.39    21.18  2786.00
 1111.27    79.21    22.25  3057.00
  327.56   100.34    22.84  3137.00
  139.74   212.99    22.81  3120.00
  532.95   263.18    22.51  3029.00
  214.47   321.95    22.15  2420.00
  974.59   586.88    21.32  2363.00
  786.92   778.42    23.94  2943.00
  239.62   798.28    22.30  3036.00
  287.02   806.00    22.53  2983.00
 1387.26   878.94    21.44  2364.00
  168.96    54.31    24.02  2182.00
  844.18    74.02    23.90  2856.00
  292.84   317.25    23.36  2467.00
  692.67   387.00    22.19  2372.00
 1529.88   527.71    23.60  2599.00
 1183.23   941.56    24.20  2681.00
  865.83   953.61    23.89  2958.00
 1159.65   976.05    23.18  2303.00
  762.88    83.39    25.35  2949.00
  744.79   113.01    24.65  2616.00
  711.42   212.26    24.31  2856.00
 1368.14   262.46    24.53  2863.00
   23.27   263.37    23.07  2231.00
 1237.14   326.49    25.11  2868.00
  197.92   370.81    23.92  2367.00
  995.18   525.09    24.96  3178.00
  123.65   637.56    24.62  2657.00
  447.28   660.16    23.56  2623.00
 1328.03   803.00    23.93  2348.00
 1027.28   821.62    23.81  2425.00
  386.27   923.83    25.15  2100.00
  702.03   970.62    23.76  2280.00
  469.61   141.51    25.13  2585.00
  581.88   175.80    24.95  2549.00
  417.98   500.31    25.68  3069.00
 1274.88   824.83    25.13  2652.00
  566.35   833.25    26.43  2799.00
  775.41    94.19    25.97  2779.00
  716.13   264.54    27.18  2871.00
  704.95   341.52    26.01  2793.00
 1237.50   398.70    26.50  3203.00
  880.94   635.34    26.10  2794.00
 1262.14   681.12    25.82  2617.00
 1385.60   787.25    26.72  3017.00
 1241.31   883.31    25.69  2321.00
  376.38   934.07    26.42  2631.00
  843.22   937.80    26.20  2687.00
  267.53    55.22    27.77  2343.00
 1288.32   200.57    28.20  3004.00
 1457.77   264.43    26.40  2388.00
  186.80   409.14    27.79  2704.00
  990.79   445.12    27.68  2496.00
 1318.27   469.76    27.22  2416.00
  572.84   602.58    27.27  2937.00
  849.74   694.03    26.69  2409.00
  486.24   700.99    26.70  2628.00
  840.94   708.19    27.62  3071.00
 1040.75   814.48    26.70  2489.00
 1224.81    57.00    28.20  2431.00
   40.63   105.88    28.53  3220.00
  227.97   160.22    28.52  2972.00
 1277.47   199.45    28.26  2887.00
  602.55   210.54    28.38  2903.00
 1236.51   231.43    27.90  2630.00
 1406.69   656.49    28.75  2955.00
 1028.19    79.41    29.52  2715.00
  576.22   156.67    28.89  2522.00
 1283.00   159.83    29.59  2864.00
  161.60   399.02    30.93  2566.00
 1495.94   439.47    29.16  2745.00
  602.34   563.55    29.58  2764.00
 1418.43   836.92    30.58  3090.00
  790.00   885.02    30.21  2854.00
  783.89   165.97    29.76  2469.00
  109.48   396.12    30.65  2720.00
   83.18   578.12    31.47  3025.00
  358.68   623.93    30.39  3040.00
  161.20   661.07    30.00  2469.00
  520.07   701.84    29.93  2527.00
  188.54   796.60    29.94  2637.00
  434.95   814.93    31.40  3070.00
  730.53   846.17    31.16  2585.00
  989.32   108.80    31.24  2500.00
 1187.75   229.13    31.22  2409.00
  723.57   473.55    30.90  2447.00
  890.05   562.78    30.78  2359.00
 1441.50   140.10    30.77  2116.00
   74.53   186.83    31.58  2556.00
  866.58   306.04    32.48  2864.00
  483.73   439.63    31.43  2499.00
  218.97   536.03    32.58  2779.00
 1529.47   610.89    32.82  2854.00
  931.03   687.77    32.75  2832.00
 1346.86   820.82    32.00  3000.00
 1220.03   841.75    31.41  2508.00
  716.03   849.02    33.06  2836.00
 1035.93   937.97    32.10  2403.00
  612.08    91.99    33.66  3064.00
  959.96   174.70    33.04  2178.00
  558.03   191.55    32.86  2375.00
 1067.10   219.79    33.55  3041.00
 1361.42   311.41    32.95  2749.00
 1369.62   521.86    34.27  2939.00
  471.83   578.33    33.68  3250.00
  811.24   638.02    34.47  2210.00
  550.97   786.01    33.95  2476.00
  302.01   851.23    34.25  3039.00
  542.94   874.13    33.81  2531.00
 1058.75   915.19    33.13  2715.00
  572.54    86.68    34.79  3069.00
  411.48   143.60    34.64  2720.00
  914.13   319.28    34.79  2474.00
  203.37   357.00    35.27  3010.00
 1173.15   377.50    34.23  2521.00
   80.42   390.33    33.09  2163.00
  176.59   401.48    34.90  2615.00
  824.08   503.53    34.71  2713.00
 1172.13   508.67    35.35  2903.00
  218.27   516.51    35.22  2521.00
  781.44   554.66    33.84  2551.00
   55.02   589.18    33.91  2821.00
  865.54   706.59    34.53  2775.00
  191.39   762.58    34.54  2954.00
  988.07   823.05    33.84  2386.00
   17.01   870.35    35.29  3113.00
   58.59   960.25    34.72  2826.00
  393.17   137.61    34.61  2340.00
  817.02   147.78    35.82  3136.00
  881.73   185.12    35.24  2858.00
  267.79   242.97    35.72  2681.00
 1173.55   352.55    35.05  2453.00
 1345.68   516.30    35.02  2603.00
   75.92   718.82    35.51  2695.00
  499.61   738.02    35.23  2677.00
  689.31   800.94    35.08  2707.00
  350.56   819.47    35.47  2652.00
  104.19   892.12    36.26  3266.00
  820.55   901.40    35.98  3041.00
   26.52   142.37    36.62  2542.00
  730.82   187.04    37.06  3161.00
 1015.07   187.40    37.35  3045.00
  952.43   194.40    35.94  2484.00
  580.84   260.00    35.65  2561.00
 1205.56   277.75    36.65  2607.00
 1069.73   279.53    36.68  2744.00
 1017.46   349.69    36.08  2996.00
  571.25   375.51    35.90  2563.00
 1022.77   463.66    36.46  2617.00
  174.45   467.25    36.84  2353.00
 1252.32   582.16    35.82  2471.00
 1029.42   589.78    36.13  2971.00
  869.25   640.13    35.78  2421.00
 1408.37   780.93    36.50  2911.00
  159.74    56.40    38.08  2528.00
  326.90   100.50    37.17  2689.00
  410.47   157.08    38.60  2338.00
  288.43   222.43    37.48  2822.00
  456.23   244.43    36.63  2321.00
  991.52   257.75    36.61  2665.00
  990.15   569.09    37.06  2547.00
 1384.96   601.07    37.14  2406.00
  707.11   710.24    37.99  2915.00
  564.11    92.50    38.39  3141.00
  350.49   127.73    37.59  2506.00
  699.65   128.20    38.42  2939.00
  119.07   160.42    38.50  2927.00
  239.86   220.07    38.18  2447.00
  362.50   248.30    37.58  2566.00
   47.45   253.06    38.92  2624.00
  737.90   434.98    38.96  2989.00
 1265.40   552.36    37.79  2770.00
 1360.29   758.91    37.42  2512.00
  993.56   814.33    38.10  3396.00
   72.45   883.35    37.92  2495.00
 1460.75   978.85    38.58  2472.00
 1356.36    74.42    39.44  2893.00
  536.06   276.98    39.63  2748.00
  342.49   462.11    39.70  2947.00
 1023.52   538.16    40.41  3075.00
  832.00   636.66    40.20  2858.00
  359.82   742.50    39.14  2601.00
 1074.33   807.54    39.54  2968.00
  718.04   855.45    39.06  2529.00
  151.34   239.71    40.69  3221.00
  875.47   302.86    39.44  2321.00
  446.05   360.66    40.52  3271.00
  388.30   449.85    39.45  2482.00
 1137.07   631.88    40.84  3181.00
  127.46   715.03    40.57  2647.00
 1200.07   787.79    39.83  2413.00
 1318.44   160.53    40.56  2330.00
  324.72   197.57    42.58  2704.00
  835.46   233.03    40.49  2393.00
  493.95   441.47    40.84  2542.00
 1004.03   469.80    41.79  3234.00
 1504.28   655.93    41.15  2638.00
 1012.33   660.82    40.85  2259.00
   92.41   741.19    42.26  2878.00
  797.71   764.98    41.33  2403.00
  340.46   842.41    41.06  2642.00
   40.53   917.14    40.94  2625.00
  107.17   953.02    41.46  3085.00
  733.57    71.89    42.21  2487.00
 1067.51   117.97    41.62  2425.00
  907.90   463.24    41.98  2639.00
  936.64   639.14    42.56  2862.00
  687.69   673.38    41.71  2387.00
 1052.57   810.25    42.95  2920.00
   36.02   947.43    42.65  2980.00
  371.29   108.19    43.76  2731.00
 1492.23   229.66    42.83  2540.00
  950.13   238.79    42.77  2347.00
 1461.51   326.21    43.32  2785.00
  857.67   349.67    44.03  3134.00
 1456.77   416.34    43.17  2655.00
 1153.18   431.25    42.49  2582.00
  848.56   507.56    43.50  2735.00
  660.03   687.89    42.97  2486.00
  380.70   690.26    43.38  2553.00
  459.75   761.82    42.07  2296.00
 1346.81   770.66    43.47  3148.00
  873.35   807.61    42.55  2381.00
  608.07   866.33    43.22  2480.00
  306.07   149.96    44.61  2843.00
  868.04   166.78    44.31  3286.00
  767.00   311.58    44.23  2993.00
  778.71   413.27    44.04  2701.00
  301.23   480.16    44.52  2585.00
  800.19   576.18    44.61  2932.00
   96.39   610.67    44.64  2766.00
  942.84   689.03    44.83  3036.00
 1039.78   930.14    44.86  2895.00
  111.59    54.13    45.47  2347.00
  251.95   185.16    44.92  2773.00
  107.37   394.68    46.18  3074.00
  706.54   405.30    45.13  2500.00
 1240.10   522.45    44.78  2757.00
  856.97   570.88    44.79  2482.00
  200.55   584.56    45.19  2795.00
 1370.45   948.90    44.38  2349.00
 1338.03   966.83    44.83  2339.00
    2.71   561.41    45.82  2574.00
   84.72   668.22    46.40  2912.00
  583.57   751.74    45.46  2255.00
  954.60   872.69    47.06  2786.00
  119.37   243.50    46.57  2209.00
  119.53   262.80    46.98  2301.00
  671.50   367.30    47.20  2508.00
  925.59   377.11    46.38  2409.00
  493.67   410.91    47.06  2363.00
  944.88   426.43    48.27  2898.00
 1200.93   540.55    46.91  2424.00
 1094.81   602.32    47.30  2438.00
  875.36   730.06    46.91  2355.00
 1281.65   842.64    47.70  2990.00
  946.81   951.31    47.91  2908.00
 1377.14   129.65    47.99  2996.00
  988.93   135.34    47.14  2440.00
  680.10   299.31    49.23  3067.00
  801.30   364.93    47.33  2367.00
  519.10   442.03    48.08  2385.00
 1391.50   491.35    47.45  2449.00
  617.51   591.82    47.91  2531.00
 1242.41   716.13    47.89  2617.00
  722.46   784.02    49.27  3273.00
 1265.22   250.04    49.50  2498.00
  659.58   259.96    49.65  2896.00
  555.95   351.56    48.95  2643.00
  701.19   507.65    50.12  2961.00
  459.14   548.40    49.42  3132.00
  637.84   766.69    47.78  2307.00
  772.95   948.67    49.92  2904.00
  884.13   972.70    49.50  2149.00
 1058.54   974.91    49.46  2400.00
  839.74    54.69    51.57  2401.00
   99.14   184.81    49.52  2532.00
  657.07   278.17    49.31  2446.00
  734.73   292.73    49.67  2314.00
  108.45   371.22    49.94  2582.00
    1.68   401.96    50.47  2737.00
  723.97   406.26    50.11  2450.00
  962.43   490.55    50.87  3205.00
  457.36   557.96    50.15  2633.00
  896.28   747.90    50.10  2359.00
   14.90   818.20    49.77  2390.00
 1126.88   834.10    50.06  2782.00
  953.01   906.14    50.72  3058.00
  530.37   968.80    51.52  2640.00
  541.49   421.64    51.53  2571.00
 1387.41   628.65    51.15  2310.00
  565.98   815.91    51.97  3080.00
  572.67   822.59    50.98  2566.00
  209.68   910.86    52.13  2684.00
 1316.11   968.95    51.59  3343.00
 1218.91    97.30    52.93  3016.00
  383.75   266.36    53.04  3199.00
 1139.25   329.58    52.61  2712.00
  140.01   574.78    53.04  2183.00
  669.84   681.18    51.89  2838.00
 1405.79   688.00    51.41  2357.00
  236.09   702.65    52.95  3159.00
  284.67   798.27    53.23  3126.00
  579.99   861.69    53.01  3139.00
  925.33   880.00    52.35  2921.00
  480.47   959.00    51.43  2377.00
   27.49   958.30    53.08  2420.00
  831.21   258.95    54.38  3454.00
  185.60   281.14    53.45  2621.00
 1516.95   339.22    52.85  2694.00
  787.49   456.33    53.52  2880.00
  687.59   666.91    52.87  2535.00
 1029.11   681.86    54.74  3147.00
 1071.17   873.62    53.61  3085.00
  934.06   878.61    52.69  2548.00
  514.94   260.22    54.69  3127.00
 1431.56   319.94    54.39  2791.00
  500.64   332.67    53.87  2663.00
  323.23   450.14    53.79  2489.00
 1042.22   474.81    55.02  3026.00
  807.21   698.86    53.86  2391.00
  493.47   784.97    53.30  2342.00
 1365.42   796.42    53.98  2624.00
 1397.11   795.78    55.06  2767.00
 1064.84   882.58    53.49  2470.00
  711.17   965.15    53.85  2501.00
 1005.49   971.48    54.32  2489.00
  715.79   113.29    55.38  2654.00
  308.55   196.52    55.86  2870.00
 1319.42   305.07    56.03  2963.00
 1139.29   318.75    54.94  2643.00
  211.38   344.61    55.64  2966.00
 1064.50   530.65    55.55  2747.00
    2.26   562.23    54.43  2321.00
  552.15   819.08    54.98  2751.00
 1065.47   831.32    55.21  2427.00
  534.79   138.71    56.68  2644.00
 1254.57   188.73    55.86  2516.00
  527.30   245.45    55.48  2387.00
  990.67   300.06    55.50  2518.00
  111.56   354.77    55.56  2731.00
 1242.83   361.09    57.36  3257.00
  887.57   391.78    56.11  2935.00
  434.12   469.87    56.68  2813.00
 1044.55   507.42    56.11  2755.00
 1063.92   612.52    56.15  2619.00
   46.17   688.34    56.56  2803.00
 1079.46   814.09    56.30  2573.00
  453.14   941.29    55.32  2362.00
  219.46    54.54    58.62  2209.00
 1269.63    58.66    57.46  2385.00
   98.93   218.69    56.92  2636.00
 1368.20   247.88    57.46  2662.00
    1.38   277.90    56.59  2523.00
  480.67   601.71    57.18  2820.00
 1013.62   608.12    57.60  3025.00
 1347.26   641.69    56.83  2724.00
  941.35   874.80    57.66  2785.00
 1198.75   940.10    56.65  2513.00
   43.14   131.07    57.43  2434.00
  994.17   501.91    58.21  2635.00
  336.36   587.51    58.06  2483.00
  527.50   654.49    58.28  2900.00
  367.03    53.51    59.57  2180.00
 1063.24   499.67    60.13  2945.00
  608.06   624.48    59.76  2799.00
  851.56   682.97    59.87  2984.00
  289.86   734.47    58.95  2835.00
  182.08   783.32    60.04  3424.00
 1378.26   899.56    58.52  2305.00
 1368.81    68.87    60.22  2747.00
  330.56   169.56    60.71  3129.00
  757.66   191.66    61.04  2825.00
  398.89   200.99    60.54  2992.00
  389.24   225.31    60.91  2435.00
  550.54   344.26    60.49  2675.00
  363.49   349.14    60.04  2799.00
 1375.66   362.81    61.10  2948.00
 1228.15   390.93    59.26  2382.00
 1397.00   452.53    60.37  2957.00
  488.60   458.97    59.43  2434.00
  490.55   470.18    60.35  2431.00
 1199.70   653.84    60.84  2755.00
 1100.50   911.00    60.24  2505.00
 1526.90   959.25    60.96  2942.00
   81.04    94.39    61.74  3062.00
  542.83   339.28    62.35  2968.00
  434.36   373.78    61.67  2975.00
  205.30   440.43    60.37  2333.00
 1005.97   496.40    61.99  3135.00
  703.98   550.97    61.96  3053.00
  536.56   569.32    60.97  2825.00
   85.14   579.03    61.39  2560.00
  244.50   622.70    61.00  2688.00
   55.00   640.49    60.03  2254.00
  671.38   692.78    61.96  2998.00
  293.62   699.47    61.40  3060.00
  153.46   709.11    61.76  2848.00
  792.68   824.34    61.82  3066.00
 1466.37   978.76    61.84  2703.00
 1247.30   139.36    61.51  2453.00
  197.58   222.88    62.12  2600.00
  743.82   235.35    62.75  2967.00
  493.15   282.69    63.45  2786.00
  541.79   363.18    62.82  3000.00
  745.29   401.52    62.59  2387.00
  529.76   405.61    63.83  2711.00
  851.71   479.15    62.55  2822.00
  377.36   514.08    61.76  2560.00
  515.76   579.93    61.85  2655.00
 1280.65   607.42    61.87  2631.00
 1296.54   615.95    63.11  3320.00
 1348.29   910.90    62.39  2469.00
 1077.75   914.71    61.68  2381.00
  549.13   131.59    63.55  2768.00
  527.69   388.71    63.15  2578.00
  829.76   434.07    62.85  2871.00
  669.20   437.91    63.11  2707.00
  832.38   700.93    63.76  2584.00
  607.23   829.33    63.14  2936.00
  283.00   879.04    62.78  2400.00
  838.08   929.44    63.30  2988.00
 1169.58   944.04    64.36  3167.00
  206.03    75.10    64.53  2869.00
  400.39   178.15    63.24  2388.00
   49.19   350.23    64.56  2658.00
 1330.72   428.06    63.94  2450.00
  662.09   465.85    65.48  2833.00
 1205.13   626.49    64.03  2603.00
 1079.77   639.50    63.99  2973.00
  431.76   708.20    64.95  2975.00
 1075.51   834.36    64.54  2695.00
  810.18   118.59    68.35  2182.00
  473.31   293.29    64.98  2604.00
  483.01   293.68    65.90  2702.00
  696.51   339.07    65.83  3031.00
  563.82   445.83    65.64  2965.00
  878.61   467.79    64.55  2411.00
  864.47   566.68    65.71  2697.00
  465.38   784.00    64.41  2489.00
   49.40   880.83    65.14  2351.00
  769.54   953.40    65.23  3036.00
  298.44    64.24    65.44  2411.00
 1237.21   146.29    66.42  2800.00
 1065.59   364.56    65.98  2609.00
   22.50   451.66    66.33  3437.00
   32.53   449.83    66.36  2631.00
 1272.74   465.45    66.91  3161.00
  230.75   527.23    65.94  2659.00
  621.76   606.68    66.11  2705.00
 1141.00   702.79    66.27  2440.00
  592.16   734.62    66.74  3244.00
  549.25   870.61    66.88  3325.00
 1368.61   965.97    67.20  2962.00
 1435.72    73.11    67.43  2691.00
  247.14   150.43    67.26  2359.00
  414.57   299.22    67.30  2778.00
 1352.36   360.56    66.74  2475.00
 1349.36   416.55    66.33  2470.00
    1.40   440.07    66.63  2819.00
  309.52   449.03    66.55  2241.00
  481.53   792.38    67.99  2781.00
  375.54   822.37    68.18  2583.00
 1507.29   865.68    68.81  2146.00
 1221.52   181.79    68.13  3215.00
  312.80   300.67    67.72  2526.00
 1041.52   379.94    68.94  2653.00
  836.57   466.29    67.94  2657.00
  981.30   501.87    68.96  3012.00
   16.26   560.71    67.63  2719.00
  239.94   614.63    68.51  2749.00
   40.18   705.87    69.59  2993.00
 1119.47   711.99    68.38  3224.00
  948.69   897.26    68.87  3077.00
  776.16   183.33    68.69  2586.00
  356.81   211.19    68.93  2358.00
  108.20   259.00    69.58  2818.00
  670.10   295.07    68.45  2437.00
 1356.11   296.83    69.36  2769.00
  316.46   343.46    68.46  2438.00
  314.40   353.55    68.67  2442.00
  536.84   385.86    69.23  2588.00
  823.83   392.25    70.02  2782.00
  389.46   466.22    69.62  3276.00
  892.40   541.68    69.99  3044.00
   25.77   543.90    69.49  3050.00
 1101.52   614.05    69.00  2488.00
 1226.02   677.57    69.31  2670.00
  303.48   701.18    69.24  2439.00
  291.88   702.96    69.62  2608.00
  622.71   814.02    68.88  2459.00
   42.04   140.54    70.41  3104.00
  777.77   193.82    70.42  3017.00
 1026.57   236.76    69.86  2489.00
 1478.98   295.83    70.62  3279.00
  513.20   312.82    70.30  2817.00
 1000.13   640.10    71.73  3316.00
  449.50   697.46    70.83  2783.00
  492.91   706.09    70.21  2525.00
 1245.00   840.09    69.94  2496.00
  199.71   952.61    70.67  2767.00
  939.54    84.54    71.27  2468.00
 1485.78   115.19    72.38  3226.00
  760.05   124.07    71.33  2517.00
  303.67   293.80    71.36  2476.00
  312.82   314.26    71.97  2790.00
  833.66   380.42    71.45  2602.00
  807.17   437.62    71.14  2584.00
 1299.38   613.49    72.04  3018.00
 1069.82   619.00    71.61  2669.00
  423.75   634.42    70.58  2471.00
 1035.03   729.20    71.75  2984.00
 1530.84   792.82    71.48  2552.00
  218.27   820.44    71.83  3043.00
  423.56   915.04    70.37  2364.00
 1205.63    94.27    72.00  2581.00
 1159.84   130.20    73.32  3281.00
 1151.19   219.29    72.60  3189.00
  845.85   292.43    72.17  2478.00
   32.47   405.32    71.74  2286.00
 1308.79   543.07    72.33  2782.00
 1000.21   549.08    72.18  2598.00
 1446.96   671.60    72.52  2817.00
  284.07   719.44    72.55  2893.00
  754.62   128.97    73.48  2707.00
  803.68   188.62    73.88  3114.00
   35.59   219.27    74.24  3298.00
 1486.85   385.59    72.90  2433.00
  112.92   555.86    74.05  3218.00
 1016.06   582.94    72.94  2470.00
 1502.69   594.38    73.07  2648.00
 1435.07   670.42    73.49  2836.00
 1271.82   708.33    73.18  2707.00
  445.48   807.39    72.55  2416.00
  725.49   954.51    73.30  2755.00
 1355.20   103.96    75.07  3433.00
   30.41   302.38    73.48  2399.00
 1058.54   505.93    74.24  2751.00
  211.18   540.40    73.82  2751.00
 1171.65   928.22    73.94  2632.00
 1154.67   932.16    73.53  2584.00
  845.74   971.81    74.53  2358.00
  820.70   349.18    75.27  2928.00
 1425.67   349.83    74.83  2812.00
  706.52   455.93    75.28  2743.00
 1472.93   900.54    75.46  2904.00
  891.40   907.38    76.19  3296.00
   20.83    56.23    76.20  2426.00
 1312.30   168.40    75.63  2501.00
  846.67   368.59    75.41  2553.00
  343.35   392.94    75.97  2396.00
 1141.52   531.63    75.95  2649.00
  440.67   137.72    77.16  2901.00
  728.29   395.50    77.05  2472.00
  723.70   401.65    77.30  2485.00
  368.85   419.77    77.18  2757.00
 1293.77   490.21    77.69  2582.00
  811.88   546.52    77.97  3104.00
  644.41   577.32    76.89  2718.00
   10.10   605.19    77.46  3178.00
  488.89   671.19    77.59  2354.00
  626.89   804.87    76.74  2456.00
  849.72   855.62    76.79  2417.00
  344.85   176.67    77.44  2316.00
 1482.41   334.01    78.54  2887.00
    8.59   389.84    78.48  3261.00
 1517.11   412.30    79.36  3389.00
 1481.84   442.36    78.03  2910.00
  635.00   453.60    77.23  2294.00
  740.29   563.97    77.49  2455.00
  438.15   674.40    78.69  2862.00
  542.06   717.43    78.32  2868.00
 1384.14   772.24    78.54  3234.00
  634.40   934.67    77.93  2225.00
  452.04   128.52    79.64  3275.00
  746.13   205.93    79.33  2790.00
  858.36   212.66    79.21  2686.00
  498.05   323.42    78.26  2508.00
  726.09   519.72    79.99  3103.00
  912.68   696.41    79.19  2811.00
 1011.97   847.30    79.09  2425.00
  367.66   857.21    79.82  2660.00
   43.70   889.94    79.87  3034.00
 1150.80   948.56    79.02  2541.00
 1032.00   129.78    79.40  2555.00
  445.35   155.45    81.15  2894.00
 1219.70   326.58    79.55  2389.00
 1493.67   345.49    80.26  2607.00
   35.84   392.76    80.47  2585.00
  387.71   539.08    80.90  3110.00
  396.46   648.03    81.00  3139.00
  470.58   675.28    80.28  2491.00
  564.65    54.37    82.49  2140.00
 1070.06   196.72    80.50  2336.00
  850.34   216.21    80.93  2557.00
  321.41   381.36    82.58  2314.00
 1366.42   469.59    81.25  2932.00
 1292.35   545.47    80.94  2826.00
  865.07   706.43    82.00  3073.00
  185.77   713.13    81.95  2991.00
  893.69   759.85    81.78  3016.00
 1140.73   764.63    81.08  2621.00
  486.77   923.74    82.18  2879.00
  570.08   953.39    81.20  2792.00
 1132.99   975.54    82.04  2722.00
 1146.92   135.58    82.50  2612.00
  586.14   187.97    81.69  2374.00
 1245.19   193.21    82.22  2715.00
 1036.05   253.84    82.78  3156.00
  862.19   349.22    81.56  2197.00
  352.17   366.81    82.10  2285.00
  559.96   418.64    81.81  2682.00
  985.51   443.82    82.72  2744.00
 1063.40   866.85    83.12  2793.00
  542.07   117.56    83.52  2860.00
  202.66   231.97    83.52  2638.00
 1373.51   231.54    83.63  2513.00
  841.19   351.60    84.14  3136.00
 1115.99   378.19    84.26  3237.00
  133.80   504.75    82.77  2566.00
  205.99   534.19    83.18  2223.00
 1125.93   755.18    82.89  2372.00
  762.21   778.45    83.81  2935.00
  903.40   933.18    82.97  2712.00
 1072.50   975.50    83.50  2129.00
  953.94    72.76    84.18  2823.00
 1415.12   176.46    84.46  2882.00
  877.17   340.44    83.91  2639.00
 1032.50   499.28    84.46  2751.00
  220.64   678.72    84.63  3033.00
 1013.10   719.42    83.45  2296.00
  902.29   923.92    83.51  2601.00
  591.05    53.59    85.59  2192.00
  875.45    67.30    85.61  2684.00
 1176.34   130.76    85.70  3114.00
 1167.73   150.40    85.56  2778.00
  363.81   178.76    85.34  2898.00
 1096.16   300.81    84.28  2375.00
 1205.85   379.24    85.44  3157.00
  706.01   487.25    85.22  2617.00
 1398.74   605.48    84.84  2644.00
  244.25   641.33    85.02  2399.00
 1274.27   648.89    85.40  2914.00
  592.93   752.36    84.60  2374.00
  426.02   782.26    87.01  2355.00
  792.61   790.95    84.97  3117.00
 1278.81   817.62    85.06  2377.00
  492.40   968.06    85.50  2353.00
  747.58    54.10    86.64  2330.00
 1162.41   136.78    87.30  3120.00
  592.43   248.57    87.92  2454.00
  271.06   365.22    86.17  2411.00
  564.32   429.97    86.00  2358.00
   11.55   472.85    86.17  2776.00
  310.21   476.82    86.73  2868.00
  175.50   540.70    85.87  2638.00
  695.75   594.39    86.57  2875.00
  719.00   734.15    85.85  2696.00
  169.85   886.48    87.37  2855.00
 1327.21    59.00    88.05  2585.00
  266.98    79.09    87.66  2595.00
 1060.48   146.48    87.95  2229.00
    1.68   165.91    88.29  2766.00
  219.25   259.59    87.18  3027.00
  318.36   431.59    87.69  3257.00
 1358.96   445.64    87.96  3068.00
  992.82   593.72    87.35  2912.00
  286.98   642.00    87.55  3315.00
  248.63   792.92    87.21  2545.00
  938.01   794.51    87.64  2993.00
 1109.77   930.48    87.84  2988.00
 1306.72   956.94    87.49  3122.00
  784.85   971.74    87.15  2250.00
 1298.85   243.47    88.49  2485.00
 1205.04   328.32    88.63  2627.00
 1464.88   507.49    88.64  2657.00
  740.00   722.01    88.40  2747.00
  249.33   773.51    87.95  2422.00
 1306.14   793.07    87.34  2351.00
  840.37   143.49    89.13  2847.00
 1085.70   178.66    89.63  3026.00
  126.22   302.45    89.54  2832.00
 1009.00   495.85    88.67  2349.00
 1426.45   823.35    88.47  2417.00
  236.05   150.05    89.73  2544.00
  833.98   158.07    89.84  2624.00
  680.71   171.19    89.87  2412.00
 1483.62   196.68    90.52  2722.00
 1122.50   445.25    89.71  2777.00
  123.64   454.73    90.40  3101.00
 1155.17   517.90    89.76  2396.00
  858.59   576.05    90.91  3204.00
 1382.98   602.22    90.57  2462.00
  830.39   620.42    89.98  2737.00
 1299.20   678.94    90.57  3277.00
  727.82   728.74    90.29  2733.00
  441.18   765.21    91.95  2527.00
 1422.34   907.59    90.53  2790.00
  295.56   925.60    91.21  2629.00
  446.43   935.56    91.06  2851.00
 1083.89   116.42    91.61  2903.00
  726.44   274.46    90.56  2271.00
 1315.13   281.57    91.13  2801.00
 1504.10   288.32    90.68  2444.00
 1009.06   456.14    91.37  2968.00
 1449.87   535.95    90.95  2501.00
 1326.04   673.98    91.74  2631.00
  520.52   772.69    91.96  2384.00
 1358.12   848.69    91.35  2778.00
  631.09   967.73    91.87  2429.00
  804.09   972.44    91.65  2148.00
  395.16    55.17    95.50  2077.00
  575.64   168.95    92.16  2504.00
  723.53   232.87    92.58  3379.00
  259.45   358.91    92.38  2810.00
  735.80   383.55    93.42  3091.00
  987.03   425.15    93.31  2485.00
   56.32   504.17    92.99  2958.00
  235.11   509.94    92.90  2609.00
  546.00   536.09    91.37  2397.00
  563.06   905.99    93.41  3104.00
 1401.01   920.92    92.47  3121.00
 1401.79    73.53    93.30  3195.00
   48.08   117.80    93.59  3372.00
  542.57   425.26    92.23  2266.00
  500.76   425.00    94.07  2384.00
  722.35   705.49    93.76  2792.00
  270.39   855.53    93.99  3145.00
  289.82   953.37    93.74  2710.00
  788.25    71.30    93.75  2455.00
  395.50   116.00    94.00  2542.00
  399.88   125.67    93.24  2495.00
  446.60   272.40    93.90  2559.00
  717.52   441.37    94.87  2445.00
 1158.01   601.00    94.17  2696.00
  267.22   634.86    94.44  3196.00
  125.00   763.24    93.76  2489.00
  202.11   794.76    93.53  2475.00
  275.04   795.34    94.57  3026.00
  356.18   878.44    94.66  3061.00
 1212.00   881.49    94.07  2509.00
 1242.93   937.39    94.65  2620.00
  527.47    53.56    98.29  2255.00
   32.34   127.97    96.10  3237.00
  524.86   376.49    95.90  3111.00
  744.75   425.50    95.19  2459.00
  887.80   591.88    95.87  2421.00
 1334.38   668.28    96.09  3308.00
 1172.33   751.98    95.14  2508.00
  399.85   763.11    96.09  3155.00
  372.07   778.18    95.55  2970.00
  607.44   862.98    94.61  2411.00
 1213.89   918.54    95.20  2623.00
  953.81   961.56    94.73  2633.00
  766.23   971.80    96.52  2439.00
  562.42    68.07    96.81  2805.00
 1198.44   134.05    97.00  2863.00
  118.69   183.88    97.29  3201.00
  250.30   250.03    95.97  2989.00
 1059.33   326.18    96.72  3041.00
  717.15   597.72    97.23  2889.00
  377.70   614.67    96.97  2961.00
  590.25   766.56    96.94  3092.00
 1248.89   906.48    96.85  2710.00
 1393.32   944.65    95.92  2782.00
  918.81   945.93    96.10  2540.00
  452.05    94.48    97.58  2616.00
 1280.85   128.81    97.38  3051.00
  249.45   240.74    97.45  3251.00
  283.07   258.24    97.24  3013.00
 1260.27   456.26    97.09  2726.00
 1088.44   467.00    97.35  2518.00
 1014.71   524.10    97.29  3023.00
 1346.11   585.54    97.92  2908.00
  458.33   652.81    96.85  2546.00
  913.96   864.57    96.93  2437.00
  544.46    53.91   100.11  2121.00
  457.72    78.08    98.04  2859.00
  607.57   116.81    98.28  2534.00
    1.41   230.50    98.16  3017.00
  187.12   230.45    99.12  3029.00
  290.53   250.13    98.20  2968.00
  614.42   348.44    98.11  2546.00
   59.01   360.27    98.28  2836.00
  627.78   380.97    98.52  2751.00
  440.71   428.72    97.97  2752.00
  711.47   463.03    98.44  2259.00
 1205.82   607.11    97.25  2374.00
  157.09   649.95    98.49  2661.00
 1267.92   806.66    98.54  2903.00
 1147.93   976.30    98.26  2296.00
  789.29    54.61    99.81  2103.00
 1300.28    87.26    99.13  2705.00
 1512.73    94.40    99.29  2478.00
 1463.78   557.96    98.19  2383.00
  467.39   637.82   100.22  2837.00
  880.44   674.74    99.21  2489.00
  872.99   699.34   100.83  2920.00
  975.71   745.56    98.85  2490.00
 1449.19   779.23    99.04  2681.00
  261.10   800.50    99.89  3199.00
   29.58   830.25    98.47  2459.00
  673.84   878.25    98.63  2521.00
  729.77   439.00   100.00  2513.00
  643.44   458.42   100.76  2952.00
  364.25   518.21   101.41  3312.00
  274.98   964.60   101.22  2544.00
 1273.82   101.64   101.90  2869.00
  892.35   307.51   101.69  3025.00
 1241.20   476.00   101.61  3413.00
 1353.04   476.86   101.33  2633.00
    9.26   557.97   100.81  2672.00
  329.96   646.64   102.39  2988.00
  198.47   676.70   101.23  2307.00
  924.69   718.96   102.35  3216.00
  193.66   872.09   100.90  3010.00
 1199.48   889.38   100.34  2243.00
 1358.56    59.44   101.59  2147.00
   77.91   107.24   101.98  2941.00
 1534.65   125.25   101.90  2568.00
 1116.86   242.40   101.96  3013.00
 1319.74   258.68   102.32  2719.00
   87.58   524.56   102.95  2536.00
 1296.94   592.79   101.38  2381.00
 1358.80   833.52   102.08  2820.00
  548.57   906.43   102.50  2775.00
  186.29   166.08   103.57  2805.00
  906.68   211.67   103.69  2960.00
 1099.38   242.41   102.48  2295.00
  211.04   347.40   103.29  2557.00
  297.30   435.41   102.70  2394.00
  768.69   816.69   102.38  2288.00
  940.58   831.38   103.75  2728.00
  743.76    54.39   105.24  2278.00
  424.27   163.48   104.28  2553.00
 1356.51   169.13   104.51  2813.00
  392.31   503.07   103.79  2376.00
  737.41   543.87   104.44  2682.00
  203.72   662.14   104.77  2880.00
   68.40   763.45   104.29  2889.00
  648.04   957.97   104.04  2841.00
   70.56   961.40   104.87  2663.00
  758.67   971.26   105.30  2232.00
 1436.06   127.97   104.03  2381.00
 1118.97   167.90   105.84  2929.00
   42.19   171.58   104.53  2524.00
  707.18   284.38   104.85  2372.00
    1.57   330.51   106.13  2722.00
  455.33   366.94   105.37  1939.00
  110.08   508.28   104.97  2524.00
  278.45   581.50   105.50  2897.00
  419.08   771.44   105.63  3011.00
 1250.89   788.31   106.42  3217.00
 1096.72   804.37   106.93  3184.00
  257.21   268.33   107.65  2909.00
  964.80   282.89   106.74  2695.00
 1358.53   285.10   107.03  3325.00
  990.00   296.30   106.30  2533.00
  405.24   310.00   106.02  2657.00
  142.76   944.78   106.86  3133.00
  424.91   293.30   107.68  2845.00
 1469.34   804.50   107.78  2889.00
  747.45   813.00   107.03  2323.00
 1431.64   960.06   108.26  3121.00
  560.22    53.92   109.55  2298.00
  343.73    53.71   113.00  2095.00
  128.75    56.39   109.37  2522.00
  540.86   147.75   107.54  2322.00
 1101.36   158.64   108.17  2398.00
 1031.58   201.83   107.94  2780.00
  504.64   224.97   109.69  3300.00
  927.75   231.77   108.28  2804.00
  996.65   397.29   108.04  2607.00
  125.70   847.37   109.04  2837.00
  303.97   904.23   107.30  2454.00
   38.03   943.87   107.48  2441.00
  306.72   963.50   109.21  2317.00
  683.31    54.69   110.75  2363.00
 1023.27   198.19   109.22  2882.00
  570.58   199.67   110.58  2895.00
  777.95   663.96   110.33  3247.00
  355.55   717.16   111.23  2855.00
 1357.96   803.81   108.67  2763.00
  229.96   822.55   109.96  3129.00
  537.54   912.95   108.89  2543.00
  676.93   177.41   110.22  2868.00
 1158.02   230.44   109.92  2681.00
  748.51   326.73   110.29  2565.00
  802.05   363.54   109.69  2391.00
  616.74   415.31   110.99  2775.00
  891.59   468.19   109.44  2305.00
  426.88   536.48   110.88  2994.00
  489.28   585.02   110.24  2582.00
  912.67   683.49   110.18  2431.00
  200.07   764.93   109.97  2727.00
  781.91    91.86   111.67  2791.00
  573.11   182.68   111.89  3118.00
  156.84   495.28   110.97  2468.00
 1353.62   663.36   111.49  2603.00
  602.66   768.21   112.29  3013.00
 1339.58   820.48   111.05  2968.00
 1236.94   863.03   110.06  2258.00
  851.73   152.58   112.07  2412.00
   32.52   177.08   112.56  2742.00
  902.42   433.55   112.65  2854.00
 1190.32   441.39   111.96  2740.00
   43.02   480.51   112.60  3049.00
 1266.90   486.64   113.26  2861.00
  733.95   514.19   112.17  2376.00
  777.64   515.58   112.78  3383.00
 1168.30   519.33   112.09  2680.00
 1263.21   561.69   112.75  3054.00
  768.55   591.74   112.05  2613.00
  825.30   603.88   112.20  2462.00
  317.00   633.00   111.77  2470.00
  498.86   644.30   111.40  2602.00
 1107.65   674.31   112.24  3084.00
  894.91   684.10   112.33  3224.00
  482.58   831.41   112.20  2891.00
 1044.89   238.90   114.92  2472.00
  170.21   417.02   114.23  3205.00
  423.79   418.60   112.47  2575.00
  925.98   794.80   112.97  2780.00
  995.77   809.01   113.03  2817.00
  601.47   862.24   113.09  2624.00
  719.99   969.07   114.45  2519.00
 1032.88   101.02   113.80  2616.00
  244.12   112.25   113.98  2882.00
    5.69   278.90   114.07  3373.00
   86.48   317.50   113.93  2660.00
    1.68   320.32   115.02  3291.00
   45.10   502.53   114.47  2953.00
  206.50   539.84   114.00  2509.00
  516.05   613.30   114.14  2526.00
   96.53   646.49   114.59  2643.00
  426.11   646.95   115.33  2607.00
  682.64   735.45   113.91  2906.00
 1348.31   799.03   114.25  2790.00
  359.82   120.25   114.95  2525.00
  901.73   132.12   115.93  2804.00
  889.34   457.85   115.51  3072.00
  852.25   957.17   115.97  3019.00
 1530.98   963.53   115.35  2485.00
   43.68   345.54   117.27  2811.00
  234.03   470.19   115.45  2372.00
  101.39   473.93   115.94  2989.00
  161.67   545.22   115.74  2347.00
  706.31   970.66   117.86  2328.00
  390.27   164.00   116.70  2539.00
  191.61   214.14   116.65  2586.00
  162.88   249.82   117.69  2920.00
 1447.38   292.69   116.45  2318.00
 1012.47   373.23   117.28  2417.00
  235.09   381.21   117.81  3185.00
 1198.32   436.24   117.32  2670.00
  967.66   464.20   117.38  2734.00
  785.19   507.19   117.63  2670.00
  812.68   867.24   117.69  2527.00
  431.28   930.39   117.31  2904.00
 1285.19   129.52   116.93  2289.00
  673.29   214.86   117.04  2335.00
  508.86   365.43   118.13  2601.00
  437.20   376.67   118.35  2651.00
 1350.90   415.90   118.03  2433.00
  746.91   468.69   117.59  2559.00
 1455.91   499.13   118.23  3137.00
 1083.11   592.44   118.33  2639.00
  138.32   636.35   118.16  2486.00
  133.01   646.09   118.42  2973.00
    2.63   736.98   118.75  2956.00
  598.38   947.44   118.91  3217.00
 1442.88   965.10   117.64  2583.00
  535.96   968.87   118.76  2520.00
  421.65   124.02   119.00  2901.00
  362.83   298.02   120.55  3102.00
  715.70   417.95   118.61  2625.00
  419.64   555.31   118.53  2659.00
 1392.48   555.32   119.45  2732.00
   56.13   615.59   118.41  2336.00
   78.45   707.03   118.78  2444.00
  957.47   888.53   119.68  2480.00
  370.11   965.71   121.32  2354.00
  460.29   406.33   120.49  2398.00
 1064.29   421.24   120.09  2372.00
  980.39   423.65   120.94  3311.00
  790.54   439.93   119.76  2479.00
 1333.40   519.36   120.05  2446.00
 1223.35   827.91   120.59  3155.00
  946.93   920.50   119.29  2383.00
  891.71    55.42   121.63  2224.00
 1323.08    59.22   121.78  2401.00
 1071.15   433.48   122.32  2318.00
  843.80   469.63   121.89  3329.00
  579.88   639.20   121.59  2646.00
  375.95   667.52   121.00  2938.00
  568.17   688.06   121.05  2670.00
  609.92   780.55   120.57  2623.00
  793.53   876.56   120.33  2398.00
 1322.16   928.66   121.00  2654.00
 1052.37    87.85   121.78  2495.00
 1408.67   307.55   121.84  2724.00
  878.46   443.04   122.04  2612.00
  947.90   609.90   122.52  2497.00
 1481.98   640.65   121.59  2659.00
  375.05   677.48   122.14  2743.00
  607.77   768.56   122.47  2880.00
  940.90   929.02   123.28  2852.00
  525.56    53.58   126.54  2215.00
 1523.56    95.23   122.92  2535.00
 1459.92   233.12   123.28  2548.00
  996.97   504.46   122.86  2541.00
  598.00   513.20   122.66  2408.00
 1450.69   654.13   123.58  2872.00
   11.00   678.38   122.46  2596.00
 1014.17   676.94   123.77  2855.00
  665.71   719.51   123.12  2566.00
   56.26   753.74   123.33  2487.00
  300.35   757.88   123.27  3047.00
   11.79   779.61   123.31  2724.00
  525.09   836.52   123.00  2406.00
 1048.51    93.34   124.32  2520.00
 1530.72   108.23   124.33  2841.00
 1397.81   356.24   123.78  2623.00
 1171.73   495.23   124.56  2930.00
 1345.73   593.12   124.53  2557.00
  920.75   613.70   124.90  2987.00
  423.46   847.16   124.37  2914.00
  274.04   887.58   124.25  2924.00
  827.07   952.93   124.52  2634.00
 1102.73   975.36   123.85  2228.00
 1261.07   975.23   124.68  2407.00
    9.58    62.81   125.11  2631.00
 1315.20    68.26   124.88  2652.00
 1414.34    76.81   126.19  2991.00
 1469.18   458.00   125.37  2981.00
  573.18   668.19   125.12  2654.00
  408.14   672.51   125.61  2835.00
  523.53   769.29   126.23  3020.00
  449.66   772.50   125.63  2622.00
  329.34   886.89   124.86  2645.00
  612.33   914.22   125.41  2688.00
  656.85    54.88   126.38  2117.00
   99.35   197.00   125.93  2655.00
 1387.60   256.22   126.06  2736.00
    5.21   304.09   126.00  2625.00
 1517.91   404.06   126.30  3293.00
  899.14   408.25   125.54  2366.00
  513.48   428.36   126.01  2648.00
 1481.03   432.03   125.55  2407.00
  470.81   452.24   125.41  2533.00
  325.77   492.74   126.74  3034.00
   15.26   549.13   126.84  3195.00
    1.66   595.02   127.54  2830.00
  906.06   620.48   126.44  2367.00
  216.08   667.64   126.90  3503.00
  849.17   676.91   126.57  2465.00
  796.32   773.42   125.78  2462.00
  274.44   806.44   126.49  2387.00
  777.10   826.75   126.42  2776.00
  697.00   889.60   126.04  2561.00
  599.57   916.28   126.74  2556.00
    9.84   924.52   126.29  2918.00
  761.94    54.29   129.02  2161.00
 1170.74   134.21   126.33  2474.00
 1385.17   240.22   126.75  2363.00
  490.39   393.05   127.11  2624.00
  893.86   430.30   126.98  2778.00
  284.95   434.86   127.63  2968.00
  504.82   450.67   127.30  2882.00
 1197.30   594.09   128.43  3256.00
 1379.29   663.80   128.20  2861.00
 1242.91   736.00   128.01  2807.00
   27.83   750.59   127.57  3049.00
  441.45   776.06   127.06  2906.00
  462.97   832.88   126.94  2496.00
  439.57   941.66   127.86  3009.00
 1497.66   942.27   127.81  2623.00
  354.23   965.88   128.53  2658.00
  629.48   112.91   129.29  3118.00
 1414.08   485.01   128.59  2597.00
 1424.86   499.34   129.45  2298.00
  776.61   517.67   128.18  3122.00
 1299.07   678.29   128.54  2871.00
  633.37   771.65   128.40  3006.00
 1188.62   842.17   128.16  2838.00
  933.56   884.16   127.56  2510.00
  956.39   909.10   128.27  2339.00
  240.83   910.45   128.34  2590.00
 1513.45   416.55   129.50  2890.00
  507.56   468.11   129.61  2819.00
  609.58   581.91   129.71  3137.00
  482.42   598.94   128.11  2539.00
  698.23   625.43   128.60  2516.00
   69.33   626.82   129.25  2440.00
   99.37   115.83   130.74  2860.00
 1460.51   131.85   130.83  2701.00
  426.35   173.73   130.00  2919.00
  288.15   354.99   130.54  3090.00
 1201.74   416.53   130.10  2561.00
 1411.96   453.18   130.92  2903.00
 1461.78   469.63   131.16  3100.00
 1170.41   587.50   129.59  2322.00
  493.37   591.30   130.04  2343.00
   94.89   634.56   129.95  2506.00
  387.00   718.17   129.83  2644.00
 1265.43   779.53   130.28  2512.00
  435.09   836.98   130.94  3238.00
  346.45   868.55   130.09  2485.00
  437.37   966.86   132.06  2074.00
 1443.34    79.22   131.88  3041.00
  537.49    98.85   131.89  2754.00
  529.94   304.93   131.07  2728.00
 1353.17   666.93   132.33  3040.00
    1.32   761.00   131.00  2529.00
  293.25   809.36   130.36  2462.00
 1310.65   959.15   131.18  2402.00
 1251.16   366.53   132.21  2387.00
 1259.41   368.38   132.21  2590.00
  647.73   437.53   132.36  2901.00
  745.18   466.80   132.67  2757.00
 1383.43   531.63   132.08  2598.00
  761.17   677.25   131.83  2581.00
   44.06   739.96   132.88  2799.00
  768.13   808.46   131.44  2671.00
  615.29   850.94   133.10  3092.00
 1045.12   863.46   133.07  3161.00
  893.00   911.37   132.99  2928.00
  357.73    53.54   134.00  2162.00
 1311.12    62.50   133.46  2476.00
 1152.17   137.47   132.83  2539.00
 1079.36   153.39   133.75  2760.00
  963.17   336.98   133.77  3211.00
 1350.81   439.13   133.89  2975.00
  680.14   444.08   132.47  2269.00
  584.56   525.33   132.83  2549.00
  146.10   633.06   133.99  3059.00
 1481.21   860.97   132.15  2519.00
 1525.04   874.13   133.12  2233.00
  679.00   899.00   132.30  2473.00
  581.84   122.75   134.86  2684.00
  142.45   184.48   134.45  2743.00
  987.23   227.55   136.43  2386.00
  109.51   237.24   134.63  2535.00
 1177.98   297.58   134.86  2851.00
  546.20   306.22   134.08  2809.00
  391.01   532.73   135.86  2691.00
  820.61   536.05   133.55  2618.00
  294.19   544.15   133.13  2496.00
    8.50   669.00   133.61  2466.00
 1130.25   705.34   135.28  3019.00
  391.41   804.17   134.35  2840.00
 1464.77   917.39   134.39  2788.00
  886.93   922.79   133.64  2359.00
 1418.47   962.75   133.95  2821.00
  243.40    53.96   135.96  2161.00
  108.77   307.56   135.33  2376.00
 1408.38   485.86   135.28  2582.00
 1264.10   523.27   134.90  2420.00
  806.89    98.02   137.25  3095.00
    1.82   133.32   135.55  2540.00
 1089.69   277.12   136.14  2533.00
  423.60   430.12   137.07  2727.00
  516.88   437.66   136.95  2845.00
  425.37   522.11   136.22  2186.00
  158.16   644.91   136.70  2832.00
 1531.47   855.32   136.06  2369.00
  904.25   879.33   136.74  3333.00
 1098.60   892.40   136.16  2563.00
  289.37    75.00   137.04  3129.00
 1435.90   103.75   137.46  2606.00
   60.29   212.14   136.43  2525.00
 1204.11   402.11   136.61  2366.00
 1006.48   474.23   138.03  3150.00
 1155.09   622.61   138.52  3142.00
  833.50   663.77   137.56  3068.00
   47.27   800.04   137.07  2513.00
 1312.26   841.18   138.09  2880.00
 1496.60   849.35   137.07  2438.00
  264.59   881.24   136.76  2349.00
   70.29   918.29   137.06  2435.00
  332.67   160.16   138.09  2686.00
  995.09   204.09   137.48  2336.00
 1335.60   316.97   137.77  2400.00
 1294.19   378.52   138.93  2988.00
  206.93   432.62   138.44  2490.00
   61.54   501.79   139.05  3104.00
 1359.81   523.96   138.52  2662.00
 1275.70   544.03   137.46  2492.00
  326.23   601.44   138.72  3234.00
 1152.75   745.33   138.35  2662.00
  632.30   861.55   138.60  2962.00
  521.50    99.01   139.62  2721.00
  719.99   464.36   141.21  2739.00
    1.68   618.72   140.99  3462.00
 1254.57   777.54   139.44  2834.00
  649.07   778.87   139.97  2273.00
  663.35   826.27   139.81  3036.00
 1292.68   831.19   139.16  2689.00
 1340.18   909.75   138.89  2597.00
 1053.12   928.36   139.46  2758.00
  895.30   968.01   139.59  2765.00
  643.62    53.41   141.89  2247.00
  142.94   124.47   140.30  2677.00
   36.36   158.00   139.72  2338.00
 1530.19   365.21   140.27  2964.00
  828.40   407.40   139.71  2479.00
 1059.49   505.45   140.64  2988.00
  285.33   513.23   140.43  2643.00
  395.03   522.52   140.23  2564.00
  223.67   646.17   141.06  2757.00
 1166.13   733.13   139.26  2198.00
  317.77    54.21   143.32  2067.00
  388.35   433.09   142.42  2532.00
   70.19   450.15   141.37  2664.00
 1324.90   498.29   141.00  2585.00
  406.21   520.82   140.41  2381.00
  981.44   570.31   141.29  2811.00
   49.90   629.27   142.34  2771.00
 1318.78   713.86   140.53  2419.00
 1074.38   726.13   140.64  2511.00
   64.84   856.54   140.86  2542.00
   23.41   896.50   140.59  2417.00
 1370.41   954.07   141.96  2990.00
   11.69    55.13   143.19  2496.00
  307.67   221.72   141.54  2593.00
  619.33   232.35   143.18  2517.00
  701.93   317.88   142.79  2642.00
  250.84   397.62   141.43  2466.00
 1210.53   638.44   142.27  2807.00
  466.02   663.93   141.78  2396.00
   68.77   165.35   144.34  2879.00
  524.21   345.40   142.79  2668.00
  967.63   586.58   142.75  2449.00
 1528.27   705.70   143.99  2697.00
 1278.81   182.37   144.10  2655.00
  651.85   218.89   144.62  2776.00
  254.63   517.78   143.37  2332.00
 1231.73   601.79   145.31  2762.00
  119.76   823.52   144.75  2875.00
  288.33   881.05   144.12  2866.00
   24.36   883.68   143.96  2694.00
   19.99   904.65   144.55  2806.00
   55.61   910.81   144.91  2857.00
  214.51   947.04   143.98  2589.00
  154.09   109.81   145.14  2714.00
 1119.07   248.52   145.30  2766.00
  396.91   438.22   144.69  2495.00
  236.86   519.25   145.53  2645.00
 1218.00   766.69   144.84  2493.00
 1211.53   773.38   145.49  2642.00
  375.66   925.62   145.12  2675.00
   66.33   117.00   146.69  2526.00
 1331.73   532.01   146.06  2738.00
  633.54   636.96   146.28  3145.00
 1067.72   720.11   144.86  2318.00
  136.87    53.81   148.59  2397.00
 1118.03   123.31   148.24  3363.00
  873.80   190.45   147.40  2934.00
  733.58   392.61   146.47  2357.00
  823.48   434.78   147.39  2857.00
  903.70   709.08   147.16  2915.00
 1350.76   784.47   147.77  2909.00
  196.35   792.37   148.26  3030.00
 1494.72   929.04   147.74  2654.00
   30.20   959.08   148.61  2698.00
  145.07    98.00   147.66  2390.00
 1103.63   121.07   148.94  3131.00
  473.62   194.95   148.99  2953.00
  254.91   407.97   147.34  2593.00
 1322.74   530.90   147.39  2410.00
  535.79   552.09   148.23  3020.00
  455.64   711.03   148.95  2871.00
 1445.48   736.52   149.09  2532.00
   75.33   737.93   147.77  2225.00
  822.26   867.93   148.25  2808.00
 1030.77   909.30   148.12  2939.00
 1480.63   968.33   148.20  2414.00
  932.81   261.79   149.28  2671.00
  348.26   273.34   149.34  3011.00
   94.88   316.64   148.92  2551.00
  817.98   342.54   149.48  2664.00
 1376.11   375.63   150.28  3074.00
   18.46   383.54   148.91  2446.00
  953.52   609.85   148.70  2412.00
 1105.05   621.71   150.28  3009.00
  624.06   627.00   149.49  2741.00
  922.92   658.02   150.12  2945.00
 1326.49   267.37   150.84  2822.00
 1171.26   427.10   149.90  2582.00
  252.18   542.93   149.34  2450.00
  129.74   662.20   149.91  2474.00
 1177.94   839.23   149.54  2569.00
  468.51   949.70   151.11  2953.00
  408.97   962.87   149.76  2293.00
 1169.88    77.54   151.10  2586.00
  869.00   274.00   150.24  2390.00
  569.56   336.00   151.09  2332.00
  227.81   565.02   151.64  3092.00
    2.33   567.50   152.27  3540.00
  224.85   600.05   151.38  2480.00
  317.13   733.00   151.20  3125.00
  407.94   869.94   152.33  3300.00
 1094.15   219.00   152.13  2484.00
   70.97   250.32   151.21  2398.00
   72.52   347.36   152.12  2513.00
  109.92   519.19   151.86  2555.00
  591.65   544.96   151.93  2668.00
  216.96   593.03   153.18  2920.00
  564.65   645.22   153.01  2847.00
  944.90   657.04   152.55  2917.00
  489.43   744.61   153.16  3016.00
  114.92   845.23   152.08  2472.00
  769.00   858.02   152.27  2765.00
 1474.64   112.39   153.69  3020.00
  852.28   197.75   152.66  2394.00
 1305.30   250.34   153.30  2856.00
 1304.49   263.40   153.31  2732.00
  346.78   284.36   153.15  3004.00
  344.92   574.32   153.42  3086.00
  856.33   602.83   152.93  3078.00
  479.45   699.00   154.16  2870.00
  748.75   747.08   153.13  2720.00
   98.23   780.58   153.56  3145.00
 1049.22   845.74   153.50  3374.00
  605.60   871.28   153.58  2654.00
  378.69   906.79   153.82  2989.00
  117.81    86.92   153.95  2414.00
 1087.33   147.04   155.24  3153.00
  609.15   267.69   153.56  2318.00
  247.63   329.28   154.14  2797.00
 1030.33   364.90   153.93  2403.00
  342.47   441.53   154.71  2799.00
 1330.39   445.54   154.43  2782.00
  513.39   633.67   154.15  2522.00
 1169.36   823.49   153.51  2472.00
 1253.82   834.38   153.91  2533.00
  113.58    70.15   156.35  3135.00
  827.15   169.83   155.57  2938.00
 1110.34   239.86   155.09  2628.00
  738.08   426.93   154.82  2364.00
 1157.59   444.00   155.64  2622.00
 1050.53   550.69   155.63  2605.00
  898.08   591.55   154.90  2668.00
  669.77   643.53   155.07  3144.00
 1204.18   711.94   155.51  3262.00
  190.58   799.37   155.80  2599.00
  887.45   833.58   155.88  2961.00
 1063.56   837.75   155.64  2918.00
  381.39   914.78   154.17  2425.00
  141.55   935.67   154.40  2454.00
 1252.08   942.38   154.62  2511.00
  613.30   403.04   156.95  2857.00
  803.02   421.60   156.49  3035.00
 1079.47   431.15   155.60  2524.00
  472.07   507.11   155.48  2352.00
 1482.94   680.17   156.71  3444.00
 1303.76    91.44   157.42  2497.00
  599.28   105.87   156.71  2766.00
   61.52   152.71   156.99  2699.00
  836.07   179.00   157.07  2403.00
  270.33   360.15   157.00  2566.00
 1130.85   451.78   156.89  2747.00
  688.37   657.97   156.80  2768.00
  770.85   663.04   157.53  3327.00
  840.51   688.27   157.46  2662.00
  219.67   941.86   157.58  3064.00
 1015.50   622.09   158.10  2593.00
  952.12   630.45   158.43  2763.00
 1204.00   700.39   158.62  2972.00
  212.29   752.63   157.58  2441.00
 1422.86   807.68   158.50  2804.00
  169.53   815.26   159.11  3038.00
  268.32   936.81   158.43  2902.00
  943.89    98.03   158.03  2324.00
  451.80   259.20   159.87  2891.00
  799.47   574.44   159.57  2859.00
  632.50   736.57   159.70  3151.00
  312.36   747.94   159.08  2541.00
 1525.33   886.98   159.99  2807.00
  702.26   906.83   158.77  2490.00
 1317.90   149.38   160.29  2787.00
 1226.29   206.71   160.25  2441.00
 1519.17   279.82   160.23  2950.00
 1289.50   367.50   159.50  2247.00
 1234.67   373.38   161.38  2519.00
   11.49   412.29   161.07  2815.00
 1241.03   463.44   159.89  2370.00
  876.43   523.36   160.00  2530.00
  315.40   534.94   161.08  3266.00
 1063.06   549.51   160.51  2799.00
  484.27   677.84   160.00  2598.00
 1436.83   759.50   159.33  2375.00
  262.47   769.32   159.87  2602.00
  135.40   841.82   160.42  2653.00
  313.70    54.39   162.13  2215.00
 1235.46    79.56   162.02  3275.00
  937.07   100.68   160.50  2359.00
 1317.19   248.22   162.03  3290.00
  599.77   550.55   160.32  2298.00
 1475.83   684.00   160.50  2495.00
 1104.47   756.44   161.04  2540.00
  913.91   792.93   162.17  2264.00
  922.18   929.87   160.87  2487.00
  742.21   123.82   161.97  2436.00
 1094.57   143.80   162.12  2494.00
  475.68   290.97   161.89  2450.00
  966.66   332.78   161.61  2431.00
 1068.64   449.22   162.09  2699.00
  808.45   465.51   161.27  2657.00
  124.46   560.16   161.57  2349.00
 1186.72   587.36   162.26  3057.00
  634.06   624.94   161.68  2498.00
  432.85   629.64   162.86  2570.00
 1308.39   633.60   162.24  2991.00
   37.85   870.69   162.16  2514.00
  542.18   166.10   163.18  2485.00
 1053.81   351.45   162.45  2440.00
  733.71   413.87   163.81  2194.00
   83.94   448.81   162.67  2501.00
  646.58   451.73   162.60  2418.00
  318.77   554.09   164.03  3417.00
  225.10   579.24   163.20  2492.00
 1044.42   637.07   163.33  2460.00
  283.22   775.37   163.59  3225.00
 1484.13   784.01   165.47  2572.00
  617.43    53.61   165.20  2134.00
  499.43   131.50   164.37  2814.00
  109.04   168.46   163.28  2577.00
  291.11   227.25   164.59  2460.00
   38.95   246.92   164.15  2487.00
  594.26   555.47   163.51  2439.00
  726.80   841.53   164.65  2920.00
 1386.66   853.62   164.50  2977.00
  815.33   163.66   165.97  2897.00
  624.40   167.98   165.42  2375.00
 1205.73   199.93   165.69  2671.00
  257.12   220.42   165.74  2509.00
  776.22   507.85   164.26  2352.00
 1435.40   521.34   164.49  2668.00
  276.96   563.02   164.98  2490.00
 1360.15   795.72   164.38  2388.00
  145.45   802.41   165.02  2528.00
  711.85   807.80   165.59  2681.00
 1017.93   867.67   165.81  2773.00
  228.51   904.64   165.17  2637.00
  418.63   904.53   164.53  2335.00
  596.96    53.74   167.17  2174.00
 1107.03   186.41   165.47  2428.00
 1019.44   262.44   165.50  2539.00
  607.97   357.60   166.72  3557.00
 1185.79   477.00   167.24  2691.00
 1014.25   599.01   166.89  2971.00
  545.33   807.11   165.78  2359.00
  112.72   931.22   166.03  2770.00
  608.90   969.90   167.66  2275.00
  469.57    69.33   167.67  2670.00
   26.08   294.69   166.79  2466.00
  333.94   353.92   167.58  3038.00
 1462.72   440.29   167.39  2548.00
  217.49   577.87   166.59  2416.00
 1307.64   672.25   167.08  2574.00
  549.27   680.94   166.70  2773.00
  380.96   687.90   167.00  2758.00
  426.85   712.10   166.64  2463.00
   94.28   721.96   167.58  2592.00
  488.44   794.68   167.98  2819.00
  191.32   853.75   168.00  3069.00
  106.62   211.45   168.62  2757.00
  994.33   272.26   168.71  2689.00
  560.77   274.57   170.08  2806.00
  957.89   436.96   167.81  2309.00
  113.13   710.43   168.97  2720.00
  150.70   846.70   167.61  2655.00
  526.83    53.23   170.03  2108.00
  565.59   139.26   169.54  2354.00
  182.33   515.23   168.77  2366.00
  302.75   561.17   169.68  3638.00
  221.03   837.45   168.76  2349.00
 1204.29   878.73   170.55  3073.00
 1082.13   918.71   169.57  2765.00
 1449.66   979.13   168.53  2217.00
  449.10   148.82   170.95  3007.00
  311.03   159.76   170.65  3087.00
 1177.12   190.66   169.66  2495.00
 1491.08   370.18   169.62  2506.00
   40.56   429.19   170.38  2967.00
   25.96   598.80   170.16  2837.00
  611.97   646.25   169.99  2847.00
  190.37   867.80   170.39  2700.00
  169.44   206.51   170.93  2489.00
  637.55   216.89   171.45  2876.00
  188.00   311.89   171.61  2767.00
  513.79   450.74   172.28  3179.00
  576.13   463.05   171.29  2443.00
  274.21   513.80   171.25  2535.00
  480.72   556.03   170.81  2523.00
  462.90   668.95   171.81  3056.00
  356.67   676.63   170.91  2416.00
  475.89   807.45   171.18  2495.00
  741.72   924.57   171.00  2786.00
  956.91   973.26   171.65  2318.00
   15.54   133.67   172.24  2457.00
  309.14   140.10   171.65  2715.00
 1514.24   157.54   172.23  3076.00
 1193.80   214.13   172.47  2801.00
  335.94   342.29   172.32  2443.00
    1.34   378.79   171.79  2649.00
  934.19   436.97   171.61  2332.00
  519.47   508.45   172.10  2428.00
   98.37   541.41   171.29  2515.00
  592.16   648.27   171.49  2574.00
 1301.31   647.00   171.53  2289.00
  287.93   798.14   171.52  2517.00
   24.83   819.50   172.05  2563.00
 1184.32   858.63   172.25  2756.00
  468.07   242.04   172.63  2323.00
   31.85   284.17   173.17  2767.00
 1336.13   350.75   173.29  2468.00
  120.99   365.03   173.36  2784.00
 1531.16   380.15   173.82  3053.00
 1349.74   415.79   173.16  2508.00
  927.55   486.00   172.24  2296.00
  160.90   551.26   173.78  3242.00
 1382.91   613.94   174.37  3205.00
 1221.65   785.82   173.56  2671.00
    2.29   877.73   174.04  2966.00
  478.28   215.24   174.42  2837.00
   76.84   253.19   175.34  3211.00
 1520.30   395.99   175.28  2855.00
  733.32   399.61   172.89  2196.00
   90.49   468.71   174.75  2967.00
  405.89   530.65   174.44  3163.00
 1440.60   577.91   173.97  3015.00
 1459.97   787.87   174.46  2568.00
 1453.16   797.35   174.77  2832.00
 1269.65   876.50   174.50  2616.00
 1124.87    56.30   176.62  2255.00
  456.39   125.67   175.64  2769.00
  768.92   303.27   176.69  3219.00
 1468.79   358.35   175.03  3092.00
 1087.86   366.11   175.21  3018.00
  855.11   449.74   176.26  3450.00
  467.90   692.28   174.24  2268.00
  903.02   730.20   174.53  2605.00
  739.96   815.05   175.88  2959.00
 1488.76   977.03   174.43  2237.00
 1366.31   181.73   176.13  2751.00
 1144.41   218.16   176.66  2828.00
  591.14   453.71   176.19  2734.00
  973.68   483.90   176.60  2737.00
 1212.03   545.55   175.00  2371.00
  950.73   602.08   176.89  3142.00
  649.55   706.56   176.51  2851.00
  924.35   757.43   178.59  2714.00
 1353.68   758.79   175.82  2440.00
    9.95   766.39   175.39  2405.00
  361.85   835.72   175.77  2504.00
 1334.95   896.68   176.17  2770.00
  282.72   927.66   176.41  2957.00
  753.28   971.31   176.59  2242.00
  640.63   153.78   177.00  2556.00
  280.85   366.26   177.41  2446.00
   52.38   419.44   177.76  2890.00
 1331.26   531.97   177.03  2476.00
  958.87   630.97   176.65  2382.00
 1359.82   696.71   176.89  2317.00
  394.01    53.84   181.00  2180.00
  106.82    83.49   177.56  2342.00
  360.77   114.81   178.45  2779.00
  148.47   241.03   178.13  2363.00
  102.74   309.31   179.23  3034.00
  908.08   338.61   178.19  2725.00
  220.50   449.72   178.90  2599.00
  641.39   491.20   177.86  2558.00
  196.00   501.67   178.17  2681.00
  963.05   535.21   178.00  2447.00
 1143.53   728.32   178.26  2357.00
  173.55   857.03   177.94  2345.00
 1165.86   951.19   177.54  2462.00
  187.29   231.71   179.15  3251.00
 1515.00   349.89   179.82  3116.00
  710.95   381.27   179.37  2514.00
 1471.06   423.27   178.39  2436.00
 1434.42   586.02   178.65  2579.00
  334.62   599.80   179.65  2813.00
  777.26   619.28   179.13  2549.00
  869.61   642.06   179.51  2952.00
  377.62   908.12   179.66  2498.00
  802.24   911.49   179.65  2602.00
   44.69    80.40   180.47  2656.00
  697.37   145.06   181.09  2476.00
   24.90   179.93   180.61  2810.00
  321.11   276.85   180.53  2922.00
  888.95   342.41   179.92  2397.00
 1193.05   350.15   179.55  2634.00
 1232.59   428.14   179.50  2433.00
 1042.17   569.19   181.14  2886.00
 1328.40   674.64   180.51  2531.00
   43.21   697.37   181.21  2979.00
  275.39   750.75   180.64  2749.00
  270.67   798.86   180.12  2893.00
  282.06   799.03   180.98  3429.00
  969.69   844.40   181.16  2943.00
  786.75   934.23   180.35  2619.00
 1172.34   958.91   180.06  2444.00
   32.25    92.68   180.75  2554.00
   35.19   175.39   181.72  3027.00
  724.69   382.77   182.14  3206.00
 1207.41   414.15   181.69  2731.00
  853.24   435.47   183.04  3182.00
  685.86   584.45   181.59  2602.00
 1266.85   683.18   181.98  3254.00
  971.98   794.54   180.54  2430.00
 1133.43   953.03   181.51  3045.00
 1435.09    86.08   183.50  3166.00
  253.51   261.29   182.95  2806.00
  256.63   402.95   181.42  2403.00
 1255.80   423.63   182.71  2512.00
  909.90   485.42   182.13  2795.00
  974.01   557.34   182.48  2717.00
 1172.81   650.49   182.01  2696.00
 1477.86   679.14   181.92  2693.00
   80.54   815.08   182.13  2659.00
 1009.27   860.05   182.20  2502.00
  954.13   883.14   182.20  2592.00
  635.98   947.37   181.93  2491.00
  914.83    55.57   182.70  2157.00
  887.96   298.33   182.75  2568.00
  285.52   347.15   182.41  2540.00
 1229.48   355.67   183.30  2668.00
  527.05   456.90   183.87  3386.00
  926.62   475.97   182.44  2372.00
  595.61   558.50   184.44  2971.00
  987.12   571.46   183.00  2567.00
    2.05   600.32   184.17  2812.00
  688.35   639.67   184.36  2647.00
  702.52   695.32   183.71  2521.00
  188.32   961.71   183.23  2257.00
  689.22   142.91   184.11  2510.00
 1282.32   163.68   184.27  2473.00
  357.53   229.79   183.32  2453.00
 1249.69   287.21   184.08  2419.00
  273.86   353.78   183.58  2574.00
  439.97   445.32   184.28  2836.00
  923.73   467.13   184.29  2476.00
  552.83   470.83   184.33  2653.00
  300.86   478.70   183.33  2711.00
  692.07   574.04   183.39  2363.00
 1369.64   575.15   185.41  3092.00
 1341.63   659.47   182.97  2372.00
  558.09   848.06   184.28  2971.00
  140.36   873.76   184.40  2968.00
  293.31   908.99   184.41  2881.00
  848.57   924.43   183.29  2451.00
  447.09   967.26   185.54  2617.00
 1347.09   970.00   184.32  2935.00
 1321.88   140.88   184.84  2435.00
  774.09   338.05   185.50  3153.00
  837.35   489.49   186.14  3009.00
  697.17   585.67   185.43  2913.00
  762.04   593.96   184.56  2317.00
 1063.23   629.46   185.61  2757.00
 1349.96   716.36   185.01  2960.00
  169.22   838.37   185.37  2708.00
  276.63   103.39   186.58  2766.00
  374.96   223.76   186.43  2782.00
  692.97   356.48   186.24  2366.00
  994.60   463.59   186.41  2537.00
 1192.32   542.15   186.59  2675.00
  259.94   643.74   187.54  3234.00
  906.26   655.78   185.67  2298.00
  271.33   666.59   187.10  2940.00
   39.36   105.31   188.01  2965.00
  464.07   116.85   187.22  2603.00
  864.67   154.05   187.35  2429.00
  528.39   350.61   187.53  2731.00
  141.75   411.56   186.83  2345.00
  126.05   427.10   188.25  2522.00
 1353.91   702.79   186.97  2590.00
  263.46   828.48   186.81  2569.00
  751.73   915.52   187.35  2923.00
 1063.57   968.57   186.81  2513.00
  930.26   973.49   188.39  2468.00
  249.35    87.21   189.08  3177.00
 1076.78    94.93   187.54  2454.00
 1488.41   220.88   187.50  2424.00
  109.79   263.87   188.24  3137.00
 1133.45   378.85   188.99  2672.00
  863.00   425.27   188.75  2760.00
  127.44   555.76   188.15  3080.00
 1477.87   563.26   187.74  2421.00
  115.54   875.15   187.81  2784.00
 1127.73   894.33   188.53  2679.00
 1342.34   936.46   188.12  2494.00
 1213.83   196.86   189.62  2801.00
  587.84   222.95   189.41  2966.00
  838.03   496.84   188.78  2471.00
  865.03   724.97   188.80  2414.00
  456.85   411.75   190.63  2521.00
  365.39   607.28   190.66  3191.00
  304.03   622.63   189.74  2611.00
 1107.00   845.91   190.36  3147.00
  611.97    85.28   192.30  3181.00
  418.93   153.96   191.02  2942.00
 1465.66   169.47   192.03  2974.00
 1212.53   342.97   191.05  2624.00
 1188.24   527.90   190.90  2798.00
 1042.01   534.49   190.89  2676.00
 1185.53   656.99   191.73  2806.00
 1093.55   755.13   190.81  2321.00
  171.41   812.53   191.52  2605.00
  263.07   265.88   191.97  2593.00
  195.03   515.95   192.65  2972.00
  371.46   525.40   192.12  2766.00
   83.70   609.17   191.63  2338.00
  761.85   609.89   193.30  2997.00
  462.11   779.44   191.59  2317.00
   69.20   794.66   191.81  2613.00
   35.49   813.37   192.86  3041.00
  974.81   852.34   192.28  2723.00
  649.98   888.22   191.59  2527.00
  386.22   906.42   192.60  2435.00
  454.19   963.50   192.87  2813.00
  895.79    54.50   193.79  2265.00
  181.89    84.15   193.43  2890.00
 1006.77   174.06   193.23  2587.00
  921.02   207.82   193.73  2790.00
  147.10   257.07   194.33  3150.00
  126.51   278.39   192.52  2503.00
  323.28   362.32   193.83  2964.00
 1106.59   374.63   192.90  2386.00
 1284.47   503.34   194.68  3090.00
  190.44   525.28   192.38  2274.00
  227.88   616.82   194.05  2878.00
 1111.08   749.00   194.00  3124.00
  681.72   925.46   193.14  2636.00
  401.74   952.35   193.40  2816.00
 1355.80   152.93   193.79  2458.00
 1393.48   215.63   193.22  2261.00
  473.36   424.33   194.79  3084.00
 1061.10   485.02   194.28  2636.00
  152.02   711.33   195.21  2698.00
 1460.17   742.40   193.83  2419.00
  323.73   822.92   194.32  2614.00
  927.47   828.23   193.47  2558.00
 1510.67   835.79   195.04  3128.00
 1506.40   844.60   193.85  2410.00
  635.42   892.17   194.00  2782.00
  798.16   900.55   194.93  3288.00
  907.60   911.80   194.49  2952.00
 1522.21   927.97   194.83  2820.00
  474.13   934.16   193.64  2707.00
  172.45   142.06   196.77  2799.00
 1390.12   206.84   195.24  2682.00
  491.90   244.31   195.10  2325.00
  659.26   283.26   196.28  2427.00
  727.57   597.48   195.86  2967.00
  150.05   688.85   196.11  2571.00
  941.32   710.38   194.38  2414.00
  350.93   781.92   196.21  3421.00
  394.67   966.09   195.65  2454.00
  169.46    94.96   196.27  2626.00
 1363.94   158.00   195.58  2467.00
 1190.11   232.66   196.32  2612.00
  136.61   641.03   197.32  3192.00
   30.68   662.60   197.70  3397.00
 1151.43   707.63   196.60  3037.00
  586.92   741.52   195.79  2723.00
  541.74   878.29   196.55  2284.00
  559.70   943.08   197.19  3205.00
  491.02   966.43   196.00  2215.00
 1448.55   268.57   196.91  2466.00
  290.81   304.18   197.63  2926.00
  896.62   357.32   198.40  3174.00
  110.47   720.70   197.06  2644.00
 1460.92   734.56   197.17  2763.00
  935.50   792.00   196.43  2549.00
 1530.39   847.77   198.15  2761.00
  202.73   950.12   198.62  2529.00
 1296.68   120.46   198.53  3041.00
  107.30   132.12   198.50  2797.00
  749.48   206.30   198.95  2983.00
 1190.61   249.03   198.68  2262.00
  282.81   282.67   198.33  2582.00
  305.74   303.81   197.95  2732.00
  327.06   372.41   198.79  3282.00
  244.38   418.11   198.43  3541.00
 1293.40   526.43   198.85  2668.00
 1392.26   621.29   197.68  2869.00
  606.69   715.03   198.55  2723.00
 1469.89   757.01   199.24  3016.00
 1499.23   826.76   198.58  2999.00
  503.93   827.93   197.34  2375.00
  589.38   177.90   199.18  2544.00
  189.63   198.90   199.33  3080.00
  568.46   275.38   199.16  2552.00
  451.25   443.53   199.00  2634.00
 1276.47   741.80   200.55  2851.00
 1293.49   934.90   199.10  2492.00
  677.67   101.31   199.84  2405.00
  522.29   173.47   200.16  2520.00
   59.08   405.92   199.64  2354.00
  580.05   730.10   199.64  2565.00
 1262.53   837.06   199.74  2345.00
  955.41    71.74   200.62  2327.00
  647.75   106.04   201.80  3471.00
  434.48   120.52   201.47  2685.00
 1165.00   195.00   201.50  2879.00
 1188.11   222.89   201.37  2796.00
  244.68   232.46   200.79  2398.00
  154.33   239.91   200.24  2320.00
  900.91   252.85   201.72  2987.00
  809.79   324.79   201.43  2790.00
 1155.54   420.44   202.02  3055.00
 1435.48   606.51   201.83  2827.00
 1517.58   639.58   201.07  2554.00
  747.34   652.38   200.88  2549.00
  882.75   766.92   200.56  2606.00
   21.40   824.01   201.75  2962.00
 1425.48   858.22   201.47  2897.00
 1151.75    90.18   201.71  2326.00
 1413.82   269.98   201.82  2725.00
  950.86   312.29   202.91  2242.00
  787.09   467.34   203.27  2872.00
  652.37   482.30   201.19  2305.00
  653.28   552.90   202.00  2300.00
  216.78   705.05   203.12  3172.00
  931.40   710.46   203.18  3032.00
  342.34   801.18   202.46  2791.00
 1438.46   860.13   202.38  2791.00
   92.10   874.22   202.59  3025.00
 1024.20    79.35   203.36  3011.00
  655.63   115.63   202.53  2313.00
 1190.88   147.59   203.36  2501.00
 1167.24   151.93   203.80  2808.00
 1142.02   287.69   204.28  3289.00
  529.26   386.05   203.22  2743.00
 1236.90   414.33   203.89  3078.00
 1479.01   417.09   204.33  2841.00
  289.52   434.71   202.66  2729.00
  620.94   467.83   203.81  3223.00
    2.06   510.75   202.42  2367.00
 1316.85   541.97   203.29  2472.00
  499.77   675.73   204.05  2878.00
 1450.23   737.24   204.16  2951.00
 1277.89   763.47   203.92  2876.00
  797.53   785.79   202.93  2504.00
  257.83   899.97   202.52  2367.00
  517.79   913.91   202.47  2686.00
 1210.29   202.09   203.76  2396.00
  158.95   234.18   203.95  2345.00
  180.49   253.72   204.70  2666.00
  955.16   725.32   204.17  2876.00
 1472.80   938.81   204.27  2576.00
  127.97   111.90   206.21  2782.00
  726.69   221.98   204.74  2617.00
  294.16   234.40   206.12  3077.00
 1420.19   245.10   205.26  3017.00
  500.63   265.68   205.24  2450.00
  615.63   393.55   205.62  2757.00
  431.43   435.43   205.33  2719.00
  849.38   529.68   204.18  2398.00
  289.02   580.35   205.37  2601.00
  935.18   582.52   205.51  2588.00
  428.68   609.59   205.59  2541.00
  412.72   611.90   205.07  2987.00
  437.31   696.40   205.38  2627.00
  677.14   780.39   204.94  2640.00
  525.82   851.30   205.70  2666.00
  970.34   877.15   204.72  2849.00
 1191.83   876.03   205.20  2303.00
  472.01   106.80   206.23  2854.00
  703.61   160.18   207.05  3180.00
 1218.34   205.84   206.41  2268.00
  659.39   253.32   205.57  2473.00
 1242.37   400.18   206.83  3204.00
 1161.17   625.91   206.23  2938.00
  579.82   705.92   206.53  2516.00
 1314.80   915.16   206.99  2872.00
  276.78   962.33   206.79  2853.00
  902.49    82.46   208.11  2846.00
  135.85   132.40   207.22  2729.00
  378.75   161.81   206.72  2501.00
  765.53   177.12   208.18  3063.00
  435.26   310.48   208.66  2975.00
  258.09   440.34   206.54  2340.00
  283.84   596.08   206.59  2336.00
   36.54   837.77   206.03  2161.00
 1046.92    85.35   208.00  2781.00
 1284.21   126.02   207.46  2525.00
  754.24   188.93   209.70  3194.00
  189.57   386.96   209.09  2255.00
 1140.77   401.52   208.21  2853.00
 1010.66   414.72   208.69  2937.00
  102.48   419.70   207.54  2406.00
 1469.93   539.81   208.78  2971.00
  841.33   619.77   208.26  2967.00
 1269.33   683.90   207.50  2440.00
  979.49   684.71   209.19  2872.00
    1.38   761.47   209.19  2745.00
  371.17   778.52   208.38  3083.00
  981.46   789.31   208.22  2568.00
 1216.00   836.90   207.55  2443.00
 1068.57   911.14   208.02  2649.00
  323.93   919.46   208.05  2713.00
  476.35    71.99   210.19  3031.00
  739.46   233.00   208.54  2593.00
  834.60   402.51   209.63  2983.00
  509.17   441.57   209.31  2766.00
 1164.64   460.85   208.96  2692.00
  104.16   605.26   208.58  2529.00
  534.06   767.70   209.18  2787.00
  336.16   118.92   210.72  2824.00
 1159.26   611.31   210.78  3222.00
  456.93   693.79   210.83  3005.00
  233.00   778.41   209.51  2531.00
  197.13   938.44   210.18  2590.00
  170.72   961.63   211.36  2541.00
 1285.50   132.40   210.98  2475.00
  759.39   246.15   211.84  3289.00
  610.13   474.45   210.97  2681.00
   61.02   515.98   210.82  2586.00
  828.04   529.89   210.11  2371.00
  297.47   580.96   210.70  2657.00
 1530.42   621.79   210.94  2317.00
 1066.71   895.52   212.11  2966.00
  466.09    69.32   211.71  2729.00
  299.28   108.92   212.00  2794.00
  744.75   225.38   213.36  2751.00
  960.00   277.54   212.72  2601.00
  973.71   364.89   212.03  2728.00
  435.20   457.94   212.11  2407.00
  506.96   458.32   212.60  2848.00
 1186.15   608.97   212.03  2432.00
  419.00   669.89   212.88  2769.00
  432.38   703.00   213.55  3104.00
  790.00   704.06   211.71  2496.00
  309.65   728.54   211.68  2538.00
  570.27   938.00   211.45  2433.00
  660.89    55.22   214.24  2159.00
  205.55    88.71   213.03  2463.00
 1148.50   420.64   213.05  2556.00
 1314.56   468.05   213.96  3267.00
 1404.30   484.65   213.25  2653.00
  103.60   552.54   213.64  2757.00
   62.64   749.59   213.05  2689.00
 1146.55   751.08   213.06  2743.00
  388.10    60.90   214.02  2699.00
  757.37   233.96   214.84  3319.00
 1370.75   343.69   214.31  2358.00
 1128.37   385.29   214.20  2929.00
  601.35   442.98   214.33  3105.00
  421.00   545.97   214.38  3293.00
    1.42   595.42   215.40  2768.00
  336.98   680.85   215.36  3188.00
  545.62   772.59   213.48  2283.00
   95.28   783.15   215.14  2952.00
  379.18   794.82   214.64  2791.00
  264.98   817.99   214.51  3033.00
    1.74   854.46   215.05  3367.00
  191.46    79.68   214.54  2451.00
  307.58   187.08   215.69  3255.00
  665.55   198.69   214.90  2595.00
  176.19   288.51   215.65  3217.00
  530.60   341.09   215.85  2731.00
 1512.84   730.40   214.29  2327.00
  393.59   901.78   216.32  2572.00
  561.21   931.26   214.50  2496.00
  581.26   969.85   217.11  2045.00
  983.70   111.45   216.47  2857.00
  477.55   274.31   216.12  2412.00
    5.85   568.90   216.65  2598.00
    2.76   662.55   215.49  2421.00
 1381.92   717.37   216.40  3140.00
   53.39   736.89   217.15  3195.00
  141.91   737.95   217.38  3144.00
  318.67   901.69   216.17  2485.00
 1250.94   917.17   217.43  3198.00
 1450.99   948.07   216.39  2821.00
 1271.57   155.60   217.72  2800.00
  384.02   348.00   216.95  2725.00
 1407.57   394.12   217.74  2918.00
  280.83   435.20   217.54  2858.00
 1239.41   497.13   218.16  3138.00
  697.96   529.98   217.14  2599.00
 1352.55   619.92   216.87  2426.00
  925.89   675.21   217.65  2900.00
  542.65   685.24   216.85  2421.00
 1001.02   846.88   217.70  3454.00
  352.61    55.72   217.39  2179.00
  290.11    67.85   218.60  3130.00
  347.15   369.07   218.82  3071.00
  207.39   428.73   218.43  2720.00
 1508.46   553.66   218.12  2564.00
  997.11   567.97   217.57  2367.00
 1506.25   930.97   218.96  2853.00
  405.62    66.57   219.23  2677.00
  869.95   157.06   220.10  3066.00
  672.02   234.83   219.29  3010.00
    1.67   357.23   220.74  2678.00
 1009.58   387.16   218.58  2491.00
   15.47   576.47   218.72  2485.00
  976.46   771.35   219.17  2913.00
 1333.79   977.63   219.86  2716.00
 1128.64   207.13   220.82  2666.00
 1159.42   245.96   219.48  2465.00
 1006.10   401.07   220.81  2570.00
 1063.39   643.96   219.68  2381.00
  506.57   662.27   221.19  2939.00
  617.26    74.52   220.88  2591.00
  874.64   143.93   220.21  2325.00
 1179.15   310.80   221.03  2616.00
 1499.00   351.17   221.63  2861.00
 1530.45   480.70   220.94  2340.00
   55.74   572.07   221.46  2665.00
 1188.68   664.46   221.02  2557.00
  594.05   792.68   221.24  2375.00
  967.99   846.17   221.30  2757.00
  687.05   927.69   222.16  2697.00
 1111.39   219.57   222.92  2790.00
  855.00   283.17   222.92  2777.00
   18.04   350.20   222.90  3252.00
  178.14   525.69   222.75  2999.00
  549.29   537.38   222.10  2608.00
 1370.11   568.89   221.99  2957.00
  986.21   572.85   222.56  2901.00
  823.00   722.55   221.91  2402.00
  907.78   786.54   221.88  2500.00
  567.39   968.77   223.81  2370.00
  464.35    54.13   224.25  2320.00
  600.48    97.47   224.45  3008.00
   41.20   149.65   223.00  2623.00
  605.64   201.24   222.85  2444.00
  987.28   259.93   222.78  2632.00
 1330.88   281.25   222.28  2438.00
 1211.15   297.71   224.50  2822.00
 1145.28   305.58   223.70  2978.00
  286.08   316.50   223.71  2903.00
  585.05   460.41   222.59  2549.00
  976.97   762.38   222.54  2508.00
  574.80   870.63   223.55  2800.00
  784.27    78.48   224.23  2582.00
 1082.30   125.72   224.53  2902.00
   56.20   172.04   224.74  3390.00
  504.42   355.16   224.39  3272.00
 1251.71   372.44   224.31  3050.00
 1078.34   518.45   224.39  2710.00
  708.14   606.91   223.65  2446.00
  764.55   698.96   224.87  2849.00
  144.50   754.68   224.49  3005.00
  339.85   786.15   223.63  2378.00
  988.04   908.46   224.24  2657.00
 1458.00   968.46   224.30  2862.00
  656.67    65.50   225.35  2718.00
  122.32   177.49   226.17  2787.00
 1145.23   657.96   225.15  2674.00
  909.73   858.82   225.61  2907.00
  497.58   114.27   226.36  3225.00
 1276.88   233.06   226.42  2798.00
 1371.24   233.71   226.59  2546.00
  302.08   260.73   226.10  2828.00
  291.48   647.99   226.35  2540.00
  941.22   658.00   225.26  2394.00
 1444.42   825.62   225.83  2551.00
  837.53   952.77   225.60  2363.00
  795.57    75.57   226.71  2466.00
 1289.87   395.64   227.41  2953.00
 1341.83   824.56   226.79  2129.00
  856.70   892.43   227.60  2969.00
  175.32    55.30   228.57  2157.00
 1236.78   187.45   228.32  3381.00
  343.17   254.61   228.85  2904.00
 1414.09   452.58   228.36  2377.00
  986.67   472.11   228.63  2324.00
  986.68   482.35   228.17  2594.00
   18.12   630.90   229.34  2881.00
  530.93   665.27   228.62  2665.00
  612.53   708.07   230.06  2918.00
 1156.53   891.95   228.36  3163.00
  445.54   895.92   227.54  2454.00
  194.00   951.05   228.00  2995.00
  138.93   134.79   229.86  2959.00
  723.32   563.21   229.70  3095.00
 1160.62   677.69   230.08  2389.00
  317.33   852.68   229.17  2733.00
  721.47   951.97   229.80  2622.00
  244.96    54.27   232.38  2189.00
  389.58    53.64   231.53  2064.00
 1370.52    65.92   230.71  3049.00
  356.52   247.21   229.79  2392.00
 1309.79   355.28   230.60  2590.00
  187.43   406.57   229.86  2509.00
  781.66   520.74   231.86  3307.00
 1054.44   674.65   230.03  2646.00
 1018.02   752.25   230.38  2728.00
  303.40   806.49   230.04  2645.00
  480.76   880.51   230.41  2766.00
  472.22    53.91   233.72  2554.00
  338.86   385.14   231.89  2521.00
  498.13   399.03   230.74  2516.00
 1247.50   576.00   230.50  2518.00
  460.45   577.28   230.45  2284.00
  280.15   739.55   230.75  2767.00
  357.57   920.71   231.65  3128.00
  615.72    53.62   232.28  2075.00
 1165.00    74.26   232.09  2632.00
  948.13   283.48   232.35  2853.00
 1316.66   423.91   232.56  3052.00
 1509.83   428.92   232.39  3020.00
 1409.97   447.06   231.42  2214.00
  459.66   516.94   233.00  2438.00
  875.75   574.68   233.89  3014.00
   33.97   666.51   231.99  2906.00
 1348.56   772.43   234.29  2922.00
  310.07   795.18   232.02  2628.00
 1240.70   959.43   231.81  2605.00
  376.50    53.61   232.56  2159.00
  347.88    99.42   233.54  2746.00
  927.99   270.58   233.41  2761.00
 1172.68   634.17   232.20  2368.00
   18.60   732.19   234.28  2970.00
  634.27   766.85   233.81  2721.00
  426.02   816.11   233.56  2712.00
  759.78   840.24   232.97  2411.00
 1232.86   951.25   233.14  2343.00
 1149.36    78.39   233.25  2393.00
 1052.10   466.77   234.83  2636.00
  466.49    81.62   235.09  2479.00
   55.00   161.96   234.56  2334.00
  717.59   174.19   236.60  2646.00
 1516.46   260.88   234.91  2612.00
  815.57   290.86   234.71  2515.00
  379.30   306.10   235.53  3284.00
 1311.35   370.65   235.02  2465.00
  146.51   672.47   235.32  2460.00
  330.55   686.25   234.43  2556.00
  322.83   687.57   234.57  2523.00
  889.82   859.43   234.82  2486.00
  321.39   963.68   234.48  2179.00
 1055.44   973.39   235.00  2233.00
 1486.02   118.47   235.84  2720.00
 1344.92   129.43   236.16  2364.00
 1128.02   201.70   236.66  2568.00
 1136.76   244.22   236.43  2471.00
  216.63   329.80   236.80  2872.00
  454.92   420.92   236.50  2484.00
 1247.42   456.65   236.81  2461.00
   58.34   479.03   235.53  2364.00
  237.94   498.23   236.06  2720.00
   18.45   536.49   237.41  2402.00
  213.57   592.68   236.09  2545.00
  758.85   612.22   236.60  3185.00
  389.51   828.10   237.57  3168.00
  824.75    54.83   237.67  2108.00
  417.64   325.25   236.45  2651.00
  356.02   502.72   237.85  2840.00
 1226.93   604.93   237.92  2952.00
 1531.27   680.50   236.40  2360.00
   59.06   821.70   236.39  2480.00
  405.30    61.87   238.05  2879.00
   90.65   286.44   238.63  2640.00
  202.99   584.72   238.33  3191.00
 1139.85   609.81   237.81  2416.00
  424.46   656.01   239.06  2874.00
 1530.23   663.84   238.42  2710.00
 1079.70   680.51   237.85  2791.00
  856.18   718.03   239.49  3376.00
 1475.46   914.03   237.51  2423.00
 1081.73    84.87   239.22  2893.00
 1058.36   164.41   239.41  2772.00
  558.45   233.56   239.71  2823.00
  630.04   297.25   238.89  2385.00
 1384.91   320.81   239.07  2261.00
  217.84   551.49   239.06  2590.00
  747.11   672.83   238.51  2590.00
  845.33   676.15   238.96  2453.00
  741.16   680.20   238.39  2528.00
  682.42   742.28   239.05  2445.00
  600.06   793.27   239.50  3367.00
  571.97   796.97   239.52  2777.00
  722.07   844.18   239.16  2839.00
  634.82   897.06   239.74  2755.00
  728.45    55.00   241.38  2074.00
  448.94   127.91   241.31  3222.00
 1155.84   285.53   239.02  2332.00
  612.87   626.21   241.21  2961.00
  796.03   664.89   240.70  3178.00
 1000.81   925.00   240.86  2205.00
  357.26    53.84   242.65  2096.00
 1359.79   102.50   240.79  2359.00
  233.92   172.19   242.30  3228.00
  648.32   286.32   242.06  3119.00
  608.51   317.02   241.04  2519.00
  726.24   320.14   241.00  2359.00
  485.94   376.88   241.07  2868.00
 1077.87   548.91   242.35  3243.00
  741.42   618.79   241.31  2551.00
  254.65   621.71   240.13  2281.00
  804.50   808.00   241.50  2617.00
 1516.50   892.36   240.95  2489.00
  924.20   929.37   242.22  3103.00
  644.70    53.46   241.95  2126.00
   66.97   186.84   241.76  2490.00
  701.44   251.99   242.12  2840.00
  781.18   353.50   242.94  2888.00
  476.83   469.52   241.55  2556.00
 1219.85   648.18   242.52  3081.00
   17.04   740.56   242.13  2678.00
 1333.62   759.48   242.14  2323.00
 1189.94   822.65   243.25  3472.00
  751.41   918.97   241.97  2730.00
  890.92   939.40   242.27  2592.00
  795.55   941.38   241.88  2334.00
 1218.80   976.56   243.65  2152.00
 1169.34   217.04   243.96  2894.00
 1199.22   263.71   242.78  2579.00
  745.28   312.07   243.30  2935.00
 1348.64   317.61   242.90  2847.00
  154.91   472.02   243.50  3248.00
  766.58   550.86   244.14  2956.00
 1274.46   715.61   243.48  3113.00
  290.07   727.41   242.48  2348.00
  452.48   843.23   242.90  2220.00
  189.43   894.16   243.87  3108.00
  618.36    53.64   245.75  2186.00
 1130.15   108.60   244.93  3011.00
  717.06   189.57   243.51  2528.00
 1341.74   294.07   243.30  2349.00
  207.30   303.03   243.43  2361.00
  144.19   370.16   244.39  2824.00
  489.23   440.90   244.06  3086.00
  894.58   583.97   245.23  3398.00
  921.38   600.56   244.38  2843.00
  637.57   605.00   243.89  2526.00
  167.68   619.82   244.04  2722.00
 1159.63   646.88   243.52  2553.00
 1517.89   650.57   243.62  2447.00
 1422.62   788.67   243.88  2540.00
 1266.60   814.21   244.30  2756.00
 1469.97   853.15   244.46  2926.00
 1177.16    73.74   246.10  2937.00
  176.80   200.87   245.73  2893.00
  163.65   380.68   245.40  2810.00
   97.67   405.62   244.85  2488.00
  608.34   438.44   245.05  2758.00
  638.25   558.64   245.84  2404.00
  515.28   604.48   244.90  2687.00
  930.61   603.75   244.98  2742.00
 1179.78   626.71   245.73  3194.00
 1051.43   747.42   244.58  2608.00
  606.08   855.50   245.43  2933.00
  216.16    71.84   247.48  2851.00
  248.53   158.47   246.04  2529.00
  749.17   226.72   245.17  2418.00
 1357.76   328.32   246.70  2586.00
  121.16   358.66   246.20  2916.00
 1043.68   565.45   245.29  2407.00
  111.13   572.51   246.26  2551.00
  529.74   577.91   245.91  2483.00
 1375.42   593.65   246.56  2894.00
  922.22   612.90   247.21  2994.00
  403.26   713.52   245.48  2329.00
 1421.00   903.74   246.21  2948.00
  528.22    53.57   249.44  2029.00
 1528.30   112.02   247.47  2522.00
 1279.73   367.34   248.01  2611.00
  776.00   459.41   246.38  2323.00
 1468.21   697.62   248.66  2603.00
  540.04   879.21   248.44  3095.00
 1179.36   974.25   247.66  2293.00
  683.36   128.82   248.78  2392.00
  753.03   166.44   248.69  2205.00
  958.54   185.36   248.14  2468.00
 1043.42   278.76   248.95  2442.00
 1168.62   579.51   249.07  2792.00
  261.78   678.28   248.96  2493.00
   18.00   895.87   249.07  2885.00
  250.43    54.14   249.96  2153.00
    2.15    71.60   249.50  4959.00
  645.09   456.74   249.46  2470.00
  203.95   462.34   249.79  3317.00
  273.92   556.79   249.50  3487.00
  603.21   644.44   249.43  2597.00
  705.05   700.95   249.13  2359.00
   29.76   805.73   249.75  3460.00
  414.47   891.08   249.83  2897.00
 1008.59   931.86   249.57  3745.00
  590.97   960.34   249.74  3709.00
  985.25   970.94   249.73  2297.00
  583.23    53.87   249.98  2369.00
 1017.51    60.62   250.17  2845.00
 1020.02    69.73   249.98  3407.00
 1098.72    90.42   250.00  3166.00
 1066.14    94.73   250.05  2570.00
  397.84    98.37   249.92  3007.00
 1205.36   111.06   250.07  3089.00
  761.19   151.68   250.01  3327.00
 1334.72   173.75   250.01  3750.00
  885.58   205.99   249.98  3705.00
  612.85   230.64   249.99  3327.00
  737.51   241.73   249.85  3449.00
  692.91   245.56   250.04  2877.00
  436.52   279.14   249.93  3934.00
 1277.49   342.48   249.94  3900.00
  585.22   346.02   250.20  2760.00
  220.97   350.72   250.13  2198.00
  560.89   354.14   249.71  2439.00
 1008.70   395.83   250.02  3045.00
  191.50   402.29   249.84  2920.00
  942.54   406.00   250.10  3496.00
 1330.12   422.08   250.04  3375.00
  699.08   427.26   250.08  3619.00
  975.07   434.61   249.94  2837.00
  566.57   450.83   249.83  2930.00
  275.56   468.09   250.07  3652.00
  321.88   468.06   250.14  3590.00
  125.42   532.71   250.22  2354.00
 1496.93   582.74   250.21  3415.00
  217.17   651.79   249.88  3605.00
   27.50   714.51   249.98  3641.00
 1254.32   719.49   249.94  2824.00
  265.29   752.44   250.09  3172.00
 1473.37   783.96   249.83  2763.00
  422.55   792.84   249.97  2646.00
  973.25   802.27   250.00  3162.00
  684.03   852.72   249.97  3579.00
  907.67   854.27   249.93  2862.00
 1465.64   943.97   250.07  3573.00
  969.59   964.84   249.91  2605.00
 1472.63   967.73   250.20  3002.00
  601.44   969.93   250.07  2418.00
  784.74    54.50   250.24  2139.00
  566.77   139.21   250.44  2465.00
  739.64   228.20   250.24  3390.00
  188.31   259.52   250.27  2670.00
 1202.79   276.50   250.32  2555.00
  566.80   343.83   250.22  3120.00
  581.40   358.46   250.23  3014.00
  743.23   358.43   250.23  2641.00
  701.25   372.36   250.50  2740.00
 1083.27   375.97   250.46  2865.00
  945.48   395.77   250.29  2953.00
  695.37   415.45   250.26  2909.00
 1330.93   437.19   250.21  2951.00
  557.24   443.09   250.48  2600.00
    1.50   459.50   250.36  2423.00
 1267.93   472.61   250.20  2751.00
   47.56   493.31   250.28  2412.00
 1018.24   537.59   250.34  3103.00
  191.39   565.26   250.25  3057.00
  129.30   613.38   250.24  2439.00
  847.85   623.28   250.20  2749.00
  972.09   623.77   250.45  2615.00
 1055.92   626.31   250.33  2447.00
  728.05   673.93   250.25  3383.00
  478.49   717.68   250.37  2447.00
  939.88   720.81   250.27  3550.00
  174.34   738.67   250.28  3237.00
 1060.23   747.26   250.28  2803.00
  733.08   761.32   250.34  2897.00
  174.20   772.46   250.32  2539.00
  503.75   777.10   250.32  2879.00
  536.04   791.07   250.30  2581.00
  104.88   796.48   250.43  2803.00
 1085.85   853.68   250.29  2530.00
  894.57   858.80   250.30  2474.00
 1060.50   867.50   250.45  2626.00
 1517.77   868.06   250.35  2496.00
  202.33   873.74   250.30  2822.00
  620.11   900.89   250.34  3043.00
  147.53   903.95   250.28  2551.00
  173.35   930.89   250.43  2380.00
 1340.07    94.79   250.71  2584.00
  584.55   131.71   250.58  2655.00
  576.95   273.97   250.68  2502.00
  654.18   326.21   250.64  2502.00
 1465.92   475.69   250.63  2492.00
 1216.56   741.22   250.59  2490.00
  606.30   862.11   250.63  2685.00
  434.51   878.43   250.62  2929.00
   55.00    86.00   235.00 16788.00