  453.34   927.64     6.07  2980.00
   55.12   240.22     6.18  2606.00
  397.37   245.23     6.40  2633.00
  219.07   297.28     6.11  2553.00
    2.98   400.61     6.35  3008.00
  327.42   563.54     6.02  2553.00
  248.68   720.23     6.58  2776.00
  381.72   946.74     6.22  2715.00
  181.35   409.76     6.92  2900.00
  304.24   505.82     7.64  3164.00
  311.13   526.46     7.61  2690.00
  622.19    98.92     8.61  3302.00
  937.36    99.89     8.84  3076.00
  110.42   154.63     7.29  2475.00
    1.78   318.83     9.00  3509.00
  575.50   328.30     7.67  2446.00
  187.90   360.62     7.44  2544.00
   83.22   404.24     7.76  2479.00
  430.50   453.94     7.45  2763.00
  515.42   483.55     8.91  2964.00
  151.74   518.70     8.38  2716.00
  936.30   679.32     8.38  2900.00
  295.75   680.67     8.14  2724.00
   20.80   856.02     7.50  2506.00
 1040.00    69.06     8.59  2469.00
  119.30   161.36    10.03  2875.00
  667.53   229.31     8.22  2431.00
  786.30   228.69     9.14  2721.00
  435.86   252.68     8.62  2512.00
  100.53   481.56     8.67  2599.00
   35.93   615.04     8.44  2659.00
  905.35   681.13     9.62  2865.00
  920.17   760.87    10.07  2891.00
  525.88   820.28     8.84  2962.00
  750.48   883.35     9.26  2498.00
  353.90   899.94     9.14  3059.00
  427.48   899.66    10.05  2979.00
 1531.16   953.74    10.10  3241.00
  178.49    88.85    10.26  2962.00
  748.87   229.79    10.57  2698.00
  408.95   243.53     9.84  2559.00
  260.94   311.60     9.17  2362.00
 1419.81   347.05    10.62  2824.00
 1344.29   352.92    10.05  2390.00
  689.65   397.24     9.54  2517.00
 1011.13   453.05     9.52  2507.00
  135.52   456.88    10.68  2822.00
 1156.40   467.27    10.23  2930.00
  428.22   494.72    10.23  2848.00
  683.37   559.72    10.26  2957.00
 1063.50   588.29     9.50  2310.00
 1060.17   688.90     9.83  3152.00
  754.03   712.96    10.88  2191.00
  250.62   813.14    10.30  2745.00
  562.09   826.70     8.89  2471.00
  347.75   886.36     9.31  2435.00
  428.79   885.33    10.18  2453.00
   58.28   959.72    10.27  2454.00
  580.26    71.80    11.70  3130.00
  727.87   191.68    10.55  2347.00
   29.92   195.06    11.08  2415.00
 1228.07   229.93    10.83  2294.00
  532.43   256.02    10.75  2430.00
 1493.60   304.30    10.60  2352.00
 1197.59   450.10    10.48  2218.00
 1481.09   468.10    11.40  3121.00
  689.03   544.37    10.80  2515.00
  518.43   552.41    11.21  2841.00
  632.12   553.13    11.31  2834.00
 1164.42   561.50    12.14  3057.00
  910.70   570.04    11.31  2760.00
 1442.79   577.10    11.04  2593.00
  262.73   659.97    10.97  2347.00
  227.27   687.59    11.53  2743.00
 1013.17   750.17    11.15  2735.00
 1407.93   791.88    10.95  2531.00
 1397.48   797.44    11.13  2643.00
  862.01   837.98    11.40  2960.00
 1250.17   879.33    11.60  2738.00
  262.54   902.29    12.52  2966.00
  891.71   902.53    11.17  2497.00
  490.17   153.03    12.31  2348.00
  955.01   172.40    12.19  2701.00
  961.45   184.49    12.41  2645.00
 1293.19   372.65    11.71  2322.00
  875.92   405.57    12.71  3135.00
  996.67   432.33    12.98  2969.00
  193.49   524.14    12.09  2460.00
    2.23   563.18    12.28  2869.00
  724.36   565.63    12.40  2829.00
 1468.40   573.81    12.02  2684.00
  481.29   591.59    12.07  2535.00
 1387.00   607.93    11.40  2365.00
  673.99   719.59    12.53  2773.00
 1493.40   790.47    12.40  2387.00
  899.24   890.30    13.98  2607.00
   49.58   116.62    13.14  2682.00
  730.80   154.70    13.41  2913.00
  607.27   268.60    14.58  2922.00
 1042.02   294.58    13.64  3167.00
  299.62   308.88    13.66  2658.00
  166.51   462.54    13.46  2326.00
  571.29   624.22    13.75  2398.00
  292.50   690.37    12.13  2372.00
   74.74   953.44    12.58  2181.00
 1383.47   273.75    14.04  2764.00
 1520.88   639.24    13.33  2319.00
  245.92   723.29    14.32  2334.00
  381.31   953.15    14.42  2830.00
 1010.50   957.50    15.00  2757.00
  258.05   325.02    14.51  2486.00
  822.71   343.96    15.45  2573.00
  863.41   513.09    14.44  2262.00
  166.05   574.75    14.95  2428.00
 1447.81   685.23    14.94  2407.00
 1227.88   739.40    14.83  2300.00
  660.63   857.53    14.71  2233.00
 1319.49   889.51    15.47  2764.00
  589.34    68.57    16.63  2781.00
 1151.28   159.98    17.43  3083.00
 1466.14   244.48    15.38  2251.00
 1109.16   253.67    17.12  2657.00
 1050.66   300.65    16.69  2718.00
  226.80   554.48    17.31  2465.00
  395.89   636.52    17.54  2926.00
  966.78   744.04    16.11  2483.00
 1052.43   779.69    16.38  3132.00
 1131.51   831.02    16.48  2795.00
 1347.70   860.36    15.43  2491.00
  976.54   161.04    17.20  2635.00
  846.87   184.18    16.53  2438.00
 1359.15   272.93    17.76  2563.00
 1131.91   301.80    17.28  2719.00
 1491.43   398.41    17.20  2459.00
  770.39   440.89    18.04  2766.00
 1435.11   621.10    18.17  2829.00
  381.28   729.22    17.22  3002.00
  423.56   818.81    17.03  2631.00
 1328.63   900.03    16.63  2432.00
 1098.70    76.00    18.49  2421.00
  484.29   274.02    18.23  2942.00
 1105.00   469.50    17.50  2283.00
  213.39   479.62    19.00  2864.00
 1139.68   483.45    18.27  2410.00
   84.01   503.26    18.98  2742.00
  542.95   576.67    17.45  2433.00
  963.13   642.47    18.75  2612.00
  462.33   722.47    17.53  2279.00
  245.19   801.44    18.17  2696.00
  789.38   874.50    17.35  2349.00
 1274.21   917.29    17.74  2384.00
  512.30   119.97    18.91  2413.00
  656.36   185.31    19.65  2631.00
    3.77   241.62    18.94  2560.00
  751.21   481.97    18.87  2578.00
  721.62   483.64    19.79  2480.00
 1429.50   724.04    19.51  2633.00
  195.79   734.90    19.99  2842.00
  569.74   819.26    18.93  2549.00
 1379.65   828.43    18.85  2332.00
  279.45   828.10    18.94  2462.00
  771.00   198.61    19.93  2678.00
 1478.91   627.83    20.75  2863.00
  297.83   629.11    20.26  2415.00
  116.50   673.78    20.40  3151.00
  300.95   698.22    20.33  2665.00
  581.96   788.40    19.55  2343.00
 1510.76   837.78    19.91  2586.00
  432.27   908.98    20.25  2433.00
  885.37   920.31    21.04  3201.00
  482.22    52.73    22.65  2648.00
 1223.74    68.83    22.00  2685.00
 1480.43   390.91    21.03  2571.00
  200.57   393.82    20.54  2315.00
  874.38   396.59    22.17  2501.00
 1292.59   408.27    20.63  2497.00
  427.71   611.43    22.14  3075.00
  163.93   620.12    21.92  3091.00
  312.23   709.18    21.97  3072.00
 1120.55   776.73    20.38  2254.00
  546.35   875.72    21.59  2804.00
  640.98   902.60    21.34  2595.00
  583.46   216.69    21.42  2540.00
  579.63   223.79    22.42  2545.00
  939.66   335.40    21.72  2690.00
  886.46   381.97    23.21  3290.00
  381.73   899.67    21.75  2352.00
  369.67   910.76    21.81  2562.00
  355.13   258.21    23.04  2815.00
  172.14   269.05    24.52  3544.00
  286.57   548.51    22.51  2332.00
 1409.08   551.64    23.52  3114.00
 1471.16   569.88    22.88  2700.00
 1247.02   572.66    23.57  3203.00
  423.35   805.45    22.38  2456.00
  598.39   837.37    22.71  2312.00
  871.56   879.86    22.95  2480.00
 1101.98   945.14    23.63  2935.00
 1051.58   974.33    23.09  2343.00
  657.26   149.10    24.82  2804.00
 1022.88   166.85    23.33  2441.00
 1297.71   443.48    24.12  2551.00
  221.27   452.97    24.03  2412.00
   11.98   565.06    23.96  2651.00
  185.62   583.38    23.98  2405.00
 1156.89   709.05    24.73  2696.00
 1458.61   911.33    24.90  2854.00
  735.69   967.01    24.40  2764.00
  511.04   202.10    25.90  3032.00
  579.44   351.48    25.58  2530.00
  204.78   366.81    24.85  2343.00
 1112.66   378.64    25.94  3058.00
 1292.53   391.13    25.44  2776.00
  646.00   442.38    25.24  2721.00
  835.66   502.68    24.83  2714.00
  226.45   513.31    24.84  2642.00
  569.97   570.03    24.58  2404.00
 1037.97   754.04    24.99  2961.00
  340.68   829.35    24.71  2313.00
  835.73   941.16    24.84  2674.00
  855.68   270.58    24.94  2287.00
  138.57   347.87    27.18  3045.00
 1356.88   475.70    26.35  3047.00
 1082.97   480.76    26.12  2433.00
 1146.74   586.71    26.74  2895.00
  506.89   628.81    26.38  2786.00
 1253.10   796.60    26.69  2686.00
 1230.45   805.87    27.30  2927.00
 1526.00   832.70    27.28  3050.00
  781.28   848.99    26.03  2338.00
  469.87   850.21    26.00  2864.00
   44.53   106.63    27.14  2559.00
 1331.73   140.35    28.35  2559.00
  855.65   153.46    28.79  2697.00
  576.06   174.41    28.25  2814.00
  303.78   240.52    27.65  2896.00
 1483.00   242.23    26.77  2462.00
 1112.82   366.46    27.88  3101.00
 1455.82   420.34    27.13  2766.00
  267.67   424.17    26.33  2414.00
  279.04   625.98    26.98  2580.00
  704.90   785.51    27.49  2610.00
  753.88   950.16    27.14  2661.00
  766.65   961.39    26.61  2353.00
  469.27    60.70    28.98  2103.00
  589.67    94.52    27.09  2194.00
  865.02   143.84    28.40  3235.00
  558.90   157.69    27.92  2428.00
  121.78   215.15    29.19  2722.00
  998.00   240.03    28.41  2669.00
  312.46   289.71    28.54  2386.00
  905.04   448.26    28.77  3114.00
  170.74   555.86    28.90  2901.00
 1373.70   720.53    28.61  2696.00
 1383.57   773.50    28.29  2773.00
  352.29   802.96    28.84  2610.00
  655.66   183.68    29.82  2786.00
 1417.66   234.57    28.61  2424.00
 1264.76   244.72    29.89  3248.00
  355.92   247.26    29.03  2629.00
  831.83   265.10    28.07  2419.00
 1176.59   288.89    29.32  2507.00
  444.48   333.84    28.81  2359.00
   82.25   466.23    30.40  3261.00
    6.11   505.93    30.69  3111.00
  399.21   588.39    29.62  3072.00
 1140.02   622.36    29.40  2963.00
  874.99   662.57    29.47  2736.00
  837.31    89.84    31.06  3121.00
  335.60   197.17    30.86  3170.00
  612.89   382.55    30.31  2810.00
   50.74   424.11    29.70  2331.00
  991.36   453.69    30.58  2826.00
   33.39   460.54    29.66  2367.00
  781.70   575.23    30.64  3219.00
 1138.47   606.30    30.15  2521.00
   23.49   810.83    30.79  2748.00
  364.26   814.20    29.46  2352.00
  951.97    78.47    31.35  2440.00
  591.80   206.97    30.77  2387.00
  662.77   225.33    31.53  3140.00
  289.32   406.52    31.02  2438.00
  742.52   454.98    31.66  3043.00
 1245.17   501.04    30.81  2516.00
 1394.43   611.33    31.08  2503.00
  483.00   632.70    31.64  2863.00
  323.92   698.31    31.12  2619.00
  454.35   749.14    31.32  2574.00
 1056.30   775.54    31.14  2443.00
 1270.70   819.37    31.17  2918.00
  584.80   842.69    30.85  2578.00
  231.83   883.68    31.23  3119.00
  500.06   914.00    31.44  2935.00
 1019.08   945.64    31.03  2608.00
  250.55    54.55    32.33  2336.00
  549.39   148.88    32.14  2740.00
 1412.16   213.78    31.60  2676.00
  286.20   233.88    31.86  2525.00
  329.41   272.21    32.63  2651.00
 1165.92   345.38    32.71  2547.00
  559.70   508.02    31.57  2537.00
   38.59   541.88    31.85  2476.00
  948.88   101.38    32.83  2561.00
   21.14   134.51    33.37  2690.00
  133.57   142.30    33.04  2610.00
  792.53   186.34    33.92  2944.00
  588.04   365.04    32.86  2301.00
 1322.07   438.13    33.77  2893.00
  281.48   491.34    34.63  2705.00
  155.50   623.43    36.23  2393.00
  600.50   683.62    32.81  2457.00
  518.04   727.65    34.01  2756.00
 1280.18    56.98    35.02  2429.00
  785.30   113.47    34.61  2610.00
  404.23   195.85    34.79  2675.00
  794.02   196.69    34.26  2702.00
 1047.17   226.15    34.60  2869.00
  218.27   237.83    34.10  2427.00
  615.71   251.68    35.10  2936.00
  891.50   291.96    33.80  2613.00
 1216.66   342.97    34.97  3329.00
  175.53   348.00    34.85  2763.00
  786.55   460.52    33.45  2270.00
  603.05   958.18    34.99  3138.00
  600.17    53.88    36.62  2380.00
  447.49    71.03    35.23  2824.00
  954.43    86.23    34.98  2695.00
  944.48    86.20    35.39  2570.00
 1311.87   281.16    35.56  2876.00
  303.77   529.33    36.03  2922.00
  752.35   584.45    34.39  2376.00
   49.35   597.65    35.31  2531.00
  345.00   615.97    34.14  2470.00
 1324.77   651.16    34.49  2548.00
  595.60   704.86    35.06  2420.00
  154.52   812.36    34.92  2642.00
   14.63   819.50    35.26  2328.00
 1298.31    58.08    35.69  2341.00
  547.88   179.46    36.52  2916.00
 1420.11   198.10    36.47  2825.00
  252.16   199.74    35.78  2497.00
  471.42   267.37    36.47  2617.00
 1081.48   278.15    36.70  3041.00
  257.13   464.54    36.81  2873.00
  866.62   465.26    36.21  2471.00
  315.64   514.73    36.29  2474.00
 1502.76   641.52    36.67  3047.00
  167.91   665.07    36.05  2688.00
  311.18   700.51    36.23  2814.00
  719.94   771.50    36.98  3150.00
  601.65   780.93    37.98  2737.00
  563.36   952.56    35.72  2890.00
 1364.20   107.82    38.08  2720.00
  852.68   145.00    36.50  2384.00
  698.38   256.97    37.08  2671.00
 1070.33   308.69    36.38  2518.00
  585.15   707.72    38.00  3272.00
 1101.73   729.09    37.97  3044.00
  867.42   194.98    38.27  2520.00
 1380.32   273.00    36.89  2198.00
  283.38   295.32    38.62  2720.00
  857.97   356.76    38.92  3287.00
   52.11   409.68    37.79  2572.00
  844.69   420.91    39.21  3517.00
 1514.88   479.05    37.65  2501.00
 1199.84   500.41    37.57  2452.00
  878.57   537.97    38.91  2946.00
  274.34   552.89    38.07  2620.00
  489.32   774.26    37.76  2677.00
 1132.50   955.69    38.37  2843.00
  528.86    57.53    39.47  2732.00
  137.80   157.47    39.28  3006.00
   87.00   484.27    38.45  2482.00
 1187.10   490.66    39.54  3197.00
  672.92   546.80    39.05  3079.00
 1046.23   797.23    39.20  2831.00
  371.59   903.99    40.32  3089.00
  554.96   958.72    39.62  2783.00
  867.58   134.82    40.73  3140.00
  265.38   258.64    40.65  2539.00
 1502.31   361.38    41.17  3101.00
 1532.18   402.44    39.98  2597.00
 1403.24   430.00    40.15  2465.00
 1131.79   439.54    40.68  2725.00
  631.44   446.95    41.13  2925.00
  394.04   528.85    40.66  3052.00
  466.40   588.77    40.23  2709.00
 1512.14   712.96    41.29  3020.00
  709.48   774.78    39.63  2323.00
 1347.27   937.61    40.68  2856.00
  850.64   106.74    41.48  2840.00
 1115.84   239.00    40.65  2504.00
  739.91   271.75    41.09  2802.00
  454.08   362.47    41.59  2887.00
  180.81   408.53    41.72  2161.00
 1445.32   414.21    40.86  2355.00
  131.59   428.56    40.93  2695.00
  144.57   445.77    41.37  2678.00
 1237.10   456.56    41.28  2778.00
  885.84   476.41    42.29  3161.00
 1246.48   496.33    41.53  2584.00
  506.18   503.72    41.99  3111.00
 1358.13   554.23    40.94  2449.00
   38.58   708.01    42.08  3147.00
 1465.71   794.64    39.90  2324.00
  472.18   846.55    40.94  2755.00
  836.55    71.38    42.15  2651.00
  963.47   346.20    41.40  2291.00
  451.82   382.44    41.97  2425.00
  843.06   383.33    42.60  2616.00
 1346.74   556.02    42.93  3308.00
  261.85   674.38    41.85  2485.00
  310.21   753.68    41.75  2240.00
  813.07   786.15    42.05  2896.00
  874.92   880.94    41.94  2705.00
  735.65   197.75    43.56  2779.00
  903.60   287.31    42.34  2430.00
 1044.70   415.54    42.97  2400.00
 1433.57   579.40    42.93  2517.00
   66.05   594.07    43.39  2727.00
 1304.60   757.44    43.93  2859.00
  725.09   938.55    43.40  2555.00
  843.36   112.58    43.88  2846.00
  311.26   119.28    44.13  2827.00
 1137.77   351.92    45.56  2803.00
 1316.03   378.77    44.43  2965.00
  135.35   421.16    44.23  2364.00
 1151.46   552.44    43.98  2645.00
 1172.44   593.34    44.14  2510.00
  236.30   667.14    44.11  2525.00
 1486.35   760.42    43.71  2646.00
 1384.94   888.57    44.82  2956.00
  924.81   916.47    43.79  2663.00
  878.20    79.63    44.61  2565.00
  889.08    84.19    45.02  2935.00
  715.44   486.98    45.48  2617.00
  784.22   501.02    45.16  2617.00
  910.04   616.46    45.09  2777.00
  504.65   664.98    44.58  2729.00
  507.03   672.50    45.05  3144.00
  502.84   803.84    44.50  2473.00
  627.72   195.21    46.33  2689.00
  442.43   254.46    45.52  2471.00
  167.46   604.51    46.34  2883.00
 1261.01   818.27    46.25  3360.00
  163.59   835.06    46.95  2748.00
 1295.53   874.37    47.02  3019.00
 1352.46   169.56    46.59  2428.00
  161.00   311.53    46.78  2377.00
 1529.81   498.71    47.37  2650.00
  275.00   514.42    47.00  2489.00
  256.58   707.64    46.96  2581.00
 1066.58   723.03    48.00  3125.00
   44.26    56.11    47.74  2247.00
  642.84   421.11    48.76  2677.00
  700.09   504.72    48.15  2726.00
 1157.26   801.95    47.58  2660.00
 1376.62   900.06    47.59  2361.00
    5.44    93.11    48.63  2275.00
   85.18   107.65    49.03  2464.00
  434.30   273.93    50.58  2747.00
  261.78   277.46    49.53  2709.00
  810.06   291.50    49.70  2732.00
  950.78   311.00    48.07  2309.00
  780.84   523.09    49.82  2650.00
  804.71   573.09    49.73  2818.00
  717.44   647.21    49.62  2580.00
  428.47   778.54    49.41  2650.00
   89.68   231.95    51.61  3191.00
  420.91   237.78    50.67  2816.00
 1392.14   386.98    50.30  2994.00
  801.49   518.13    49.85  2367.00
 1518.43   642.15    50.45  2776.00
  753.70   658.31    51.74  2780.00
 1044.00   733.58    49.80  2576.00
  108.53   793.60    49.95  2550.00
  621.61   897.33    50.08  2960.00
  151.37   195.44    51.33  2559.00
  636.37   298.18    51.13  2424.00
 1234.51   462.13    52.67  2107.00
 1312.52   493.43    51.52  2618.00
  305.72   786.37    50.70  2451.00
 1004.07   814.55    51.42  2943.00
 1431.63   890.55    51.92  3150.00
  796.73   124.75    52.85  2630.00
  202.59   281.56    52.60  2840.00
    3.42   304.72    53.40  2585.00
 1104.67   411.88    51.73  2600.00
  595.21   537.59    51.58  2684.00
  401.87   611.61    52.45  2668.00
 1112.13   808.80    52.00  2798.00
  393.91   864.69    51.57  2252.00
  587.00   908.00    53.00  3196.00
  488.40   206.53    52.75  2724.00
 1519.63   244.11    52.58  2352.00
 1019.47   280.76    52.71  2396.00
   21.04   305.94    53.54  3201.00
  422.89   424.05    53.14  2767.00
 1113.50   451.54    53.05  2764.00
  385.81   477.25    53.22  2645.00
 1527.79   506.94    53.37  2645.00
 1328.52   924.41    53.86  3287.00
 1487.50    98.42    53.26  2434.00
  504.49   321.12    54.10  2912.00
  683.35   507.63    54.27  2573.00
  864.97   687.83    54.14  2526.00
  423.01   752.45    55.05  3094.00
  940.27   851.36    54.99  2782.00
 1209.90   962.41    54.16  2880.00
 1362.71    81.04    54.73  2580.00
 1224.21   139.48    55.40  2896.00
 1396.66   353.21    54.50  2363.00
 1449.34   445.01    56.63  3015.00
 1475.24   601.91    54.70  2333.00
  142.01   860.72    55.04  2658.00
  189.75   883.21    55.71  2975.00
 1216.00   912.34    55.74  2956.00
  718.91   926.42    54.83  2657.00
  628.97   222.49    55.69  2307.00
  954.82   278.71    55.31  2432.00
  254.60   280.80    56.88  2739.00
  102.74   317.22    57.38  2713.00
  248.75   434.88    56.22  2368.00
  762.59   652.61    56.03  2867.00
  403.32   692.69    56.42  2662.00
  483.88   699.41    57.04  2793.00
  246.58   840.47    56.06  2499.00
 1461.97   871.69    56.22  2880.00
  127.72   129.93    57.74  2526.00
 1161.16   202.58    56.37  2432.00
 1308.59   214.85    57.13  3129.00
   79.00   405.49    57.93  2717.00
 1345.10   406.54    57.40  2811.00
  971.45   476.29    57.24  2909.00
   62.08   609.49    57.10  2711.00
  647.04   637.63    57.94  2965.00
   85.52   651.93    56.26  2327.00
  477.56   675.38    56.62  2334.00
 1004.09   745.40    56.80  2488.00
 1201.67   961.98    57.72  2779.00
  112.09   198.34    57.57  2465.00
 1052.82   200.80    58.51  2601.00
  193.06   335.62    58.11  2543.00
  998.58   350.10    58.18  2824.00
  373.25   361.95    58.18  2562.00
  702.84   404.69    58.28  2855.00
  860.21   443.15    58.45  2968.00
  316.40   464.61    58.60  2916.00
  983.14   488.11    58.06  2587.00
 1394.20   490.70    57.57  2598.00
  148.86   520.09    57.46  2492.00
 1265.16   654.11    59.20  3177.00
  205.43   753.81    59.41  2414.00
  229.90   813.00    57.35  2506.00
   50.00   293.59    60.44  2838.00
 1031.30   635.21    60.22  2880.00
  851.11   682.83    60.33  2659.00
 1505.39    80.62    61.24  2842.00
 1005.34    92.04    60.39  3205.00
 1140.07   250.42    60.35  2534.00
  195.68   275.20    59.65  2551.00
 1219.98   321.35    61.28  3175.00
 1365.44   523.46    60.57  3025.00
  221.92   611.76    59.54  2519.00
 1126.44   623.39    60.89  3097.00
 1138.07   627.28    59.34  2444.00
    2.00   711.07    61.23  3374.00
 1163.14   806.55    59.31  2383.00
 1160.40   843.90    60.86  3157.00
 1222.65   961.98    60.39  2913.00
 1037.15   261.89    60.67  2246.00
  674.87   330.24    61.96  3183.00
  355.92   377.56    61.29  3041.00
 1385.14   528.66    60.62  2315.00
  183.89   613.95    61.38  2458.00
  623.80   783.86    61.82  2985.00
  606.04   787.14    60.54  2426.00
   63.02   186.73    62.05  2552.00
  199.36   323.78    62.31  2393.00
  275.67   331.67    62.65  2672.00
 1530.12   625.52    62.36  2275.00
 1427.04   747.32    61.25  2388.00
  586.29   779.34    61.62  2544.00
  618.53   888.62    62.38  2753.00
  740.65   926.48    62.14  2639.00
 1325.90   928.90    61.77  2492.00
 1359.89   932.03    61.75  2823.00
   71.96   953.76    62.81  2998.00
 1234.13   411.29    63.17  2657.00
  474.41   426.28    64.61  3005.00
 1408.19   434.56    62.73  2682.00
 1460.50   439.23    63.01  2653.00
 1146.00   489.55    62.55  2381.00
 1526.85   609.62    63.23  2588.00
   27.47   610.82    64.08  3175.00
 1154.04   739.93    62.50  2378.00
  176.22   791.97    62.81  2510.00
  856.51   911.98    63.55  2510.00
  584.46    76.60    64.27  2838.00
 1165.16   173.36    64.74  3311.00
  380.27   206.95    63.95  2519.00
 1306.88   561.42    64.40  2590.00
  916.51   769.68    64.63  3343.00
  950.23   180.43    65.60  3414.00
 1481.62   195.15    65.02  2535.00
 1219.61   201.32    66.77  2752.00
  473.29   275.68    65.26  2310.00
  697.02   304.99    65.34  2869.00
 1473.59   326.63    64.59  2315.00
  347.08   675.62    65.05  2755.00
  892.90   695.31    64.63  2456.00
 1448.28   826.17    66.48  3005.00
 1073.70   861.78    65.34  2943.00
  196.93   936.58    66.10  2799.00
  517.87   104.07    67.09  3325.00
   77.49   162.83    66.30  2442.00
  340.14   216.14    65.39  2504.00
  878.71   322.84    66.89  2871.00
  619.96   669.72    67.46  3276.00
  490.48   678.34    66.38  2691.00
 1107.18   895.00    66.16  2779.00
  872.73   141.09    66.50  2494.00
  469.35   178.66    67.75  3259.00
  639.58   233.40    67.02  2766.00
  673.23   312.76    67.49  2924.00
 1054.56   408.06    68.54  3271.00
   94.92   638.53    68.42  3224.00
 1110.96   683.00    66.22  2379.00
 1329.61   686.74    67.08  2841.00
 1193.08   741.41    66.82  2574.00
 1104.09   780.15    67.03  2878.00
  514.42   803.52    66.55  2375.00
  291.08   927.86    68.68  2034.00
  426.33   114.19    68.70  2978.00
 1470.16   185.76    69.87  2574.00
 1322.14   359.54    68.69  3123.00
  599.65   379.69    69.00  2659.00
  286.87   443.12    68.19  2773.00
 1498.83   488.54    68.34  2411.00
 1031.20   688.85    69.34  3379.00
 1105.64   925.82    68.48  3043.00
   11.27    55.13    72.37  2368.00
  696.86   104.98    69.08  2957.00
  259.89   142.04    68.71  2411.00
   86.42   153.61    69.54  2755.00
  297.55   208.47    69.12  2523.00
 1019.58   379.22    70.02  3101.00
  722.26   400.47    70.04  2772.00
  606.19   484.26    69.33  3022.00
 1507.59   569.66    69.01  2972.00
 1484.65   574.74    68.76  2279.00
  191.94   635.02    69.52  2802.00
 1402.94   645.18    69.86  2605.00
  705.22   676.16    69.11  2690.00
  159.06   725.94    69.52  2696.00
  886.01   778.95    69.80  2992.00
 1426.72   935.38    68.70  2562.00
  563.99    67.15    70.56  3050.00
  884.42   240.48    70.90  3157.00
 1139.98   276.26    70.33  2490.00
   85.95   447.03    70.33  2425.00
  976.10   464.35    70.03  2682.00
  400.93   519.46    70.44  2794.00
  304.08   771.04    71.28  2442.00
 1276.41    59.30    71.30  2190.00
 1261.29   497.63    72.01  2988.00
 1257.18   606.81    71.48  3134.00
 1467.70   618.32    70.93  2707.00
  325.25   621.19    70.28  2372.00
   54.17   682.86    71.31  2434.00
 1364.36   827.32    71.04  2715.00
  283.93   843.27    70.87  2406.00
 1122.56    88.08    72.40  2696.00
  373.23   310.70    72.68  2605.00
  668.50   368.84    72.97  2690.00
  340.44   370.03    71.85  2257.00
  586.55   375.20    72.63  2627.00
  213.39   418.61    72.99  2488.00
  244.92   587.57    72.73  2650.00
  645.16   635.63    71.89  2699.00
  949.34   861.76    72.00  2441.00
   20.14   874.41    72.67  2639.00
  930.55   951.51    72.61  2597.00
  951.70   189.73    73.52  2776.00
   94.86   317.04    74.42  3100.00
  214.83   439.07    73.10  2431.00
  520.16   505.87    74.04  2938.00
  553.48   531.05    73.49  2928.00
  262.69   568.21    72.38  2429.00
  844.62   617.38    73.10  2749.00
   40.03   626.37    72.30  2309.00
  453.95   690.44    73.49  3013.00
  885.82   847.64    72.42  2369.00
 1224.23   904.16    73.30  2985.00
  455.64    53.52    74.39  2250.00
  480.54   176.20    75.00  3018.00
  447.99   294.57    74.57  2705.00
    2.52   390.06    74.68  2903.00
  496.95   500.12    74.77  2900.00
  541.53   650.52    74.90  2895.00
  891.55   900.92    75.06  3252.00
  397.56    75.00    75.56  3222.00
  885.39   474.44    75.69  2976.00
  931.03   617.14    74.78  2469.00
 1505.58   759.23    75.17  2556.00
  676.22   321.38    76.41  2903.00
 1371.38   344.72    76.43  2707.00
  562.98   441.70    76.85  3335.00
  901.57   458.67    75.71  2651.00
 1389.88   496.97    76.03  2598.00
  224.11   519.02    77.31  3178.00
 1268.54   779.16    77.16  3292.00
 1021.53   942.88    77.28  2729.00
 1346.36   967.48    76.24  2939.00
   97.24   309.89    77.09  2477.00
  647.61   319.94    76.90  2375.00
 1484.66   379.45    77.32  2695.00
  476.62   385.18    78.60  2922.00
 1194.10   493.75    78.06  2768.00
  430.68   564.80    76.93  2530.00
  938.11   632.15    75.89  2259.00
 1260.34   756.66    77.39  2873.00
  837.84   761.00    78.10  3507.00
  277.24   878.81    77.26  2760.00
  915.06    95.24    77.93  2710.00
  667.73   322.23    78.26  2908.00
  503.36   322.95    79.19  2587.00
  550.17   407.91    79.31  2512.00
  345.07   425.96    77.50  2335.00
  835.90   520.54    78.13  2612.00
  361.26   580.87    77.29  2377.00
   34.13   666.69    78.01  2752.00
 1231.17   675.30    77.51  2480.00
  440.12   691.42    77.91  2362.00
  758.85   769.90    78.94  3036.00
 1345.53   832.12    78.24  2589.00
   65.75   917.29    78.57  2924.00
 1481.52   275.98    80.29  3095.00
 1029.70   321.54    79.02  2660.00
  572.69   468.44    78.84  2548.00
   57.45   621.75    78.92  2536.00
  764.86   776.82    79.57  2840.00
 1405.61    58.60    81.38  2746.00
  224.59   144.46    80.64  2741.00
 1061.10   327.23    80.02  2451.00
 1318.30   449.22    79.91  2523.00
 1495.68   571.90    80.82  2764.00
  824.20   612.35    80.41  2545.00
  838.63   657.57    80.96  3113.00
  271.76   922.15    80.40  3233.00
  326.06   293.74    81.81  2989.00
  276.00   365.68    80.47  2364.00
  792.37   436.00    80.15  2361.00
  909.16   453.89    80.70  2340.00
 1089.08   492.41    81.47  2851.00
  105.53   529.73    81.77  3046.00
  223.72   719.67    81.19  3211.00
  359.41   723.87    81.39  2518.00
  266.90   758.38    81.08  2892.00
  143.81   901.32    81.58  2873.00
  435.81    54.23    83.00  2321.00
 1082.03   113.36    81.93  2705.00
 1179.20   158.89    81.58  2553.00
  811.81   297.11    81.61  2254.00
  747.24   344.95    82.29  2443.00
 1157.95   363.64    83.39  2867.00
 1092.68   467.24    81.82  2610.00
  181.41   788.28    82.93  2974.00
   30.00   823.43    81.86  2343.00
  939.13   964.49    82.62  3054.00
 1345.13    71.87    83.07  2592.00
  827.67   144.57    82.33  2324.00
  960.56   186.28    83.46  3063.00
  234.06   305.08    84.37  2508.00
  505.33   564.10    84.49  2668.00
 1391.14   616.90    83.10  2378.00
  715.39   681.08    83.03  2455.00
  716.43   735.80    83.07  2566.00
  146.33   738.18    83.03  2750.00
 1330.46   883.97    83.28  2684.00
 1100.33   158.75    85.19  3103.00
 1417.75   316.69    84.17  2558.00
 1369.93   405.60    83.40  2352.00
 1234.07   418.71    84.81  2906.00
 1480.32   675.08    84.27  2302.00
   30.06   705.44    84.45  2683.00
  151.31   745.83    84.29  2382.00
  729.37   809.53    83.97  2357.00
  508.50   899.62    83.93  2422.00
  458.38   150.98    85.45  3135.00
  486.77   388.21    84.51  2390.00
 1439.27   435.90    85.67  2926.00
  713.94   794.44    84.77  2660.00
  514.45   885.29    86.10  3015.00
  944.45   939.42    85.05  2608.00
  291.08    90.86    85.67  2147.00
 1138.43   414.27    86.10  2856.00
  451.56   619.26    85.48  2351.00
  534.84   761.81    86.36  2652.00
   99.62   762.74    86.21  2676.00
  301.10   793.83    87.99  2922.00
 1246.29   848.30    86.50  2901.00
  306.09   874.30    87.16  2914.00
  866.84   934.07    86.76  2622.00
  712.12    54.67    88.12  2276.00
 1320.57   144.84    87.76  2602.00
  411.98   172.17    86.78  2565.00
 1110.68   276.61    86.61  2577.00
  371.16   548.46    87.51  3052.00
  756.58   666.70    87.32  2806.00
 1001.78   720.53    87.37  2700.00
  685.21   793.36    87.34  3217.00
  506.14    54.02    90.31  2568.00
 1055.93    96.95    88.92  3293.00
 1168.36   107.51    88.24  2760.00
  579.03   223.41    88.15  2869.00
  215.06   286.31    88.60  2863.00
  463.83   436.77    89.14  3242.00
  842.93   448.05    87.40  2422.00
  451.82   503.51    88.46  2722.00
  848.41   543.66    88.77  2771.00
 1011.81   547.07    88.99  2553.00
  639.91   694.89    88.65  2675.00
  407.02   790.27    87.56  2438.00
  105.11   793.28    88.09  2716.00
  788.39   861.25    87.77  2463.00
  257.46   941.11    88.09  2582.00
  549.75    54.11    89.53  2083.00
  497.55   125.67    89.56  2769.00
 1515.14   132.83    88.14  2382.00
 1474.47   253.78    89.70  2660.00
 1527.55   273.81    89.43  2362.00
   63.60   354.17    89.37  2927.00
  313.50   403.94    88.79  2921.00
  449.14   531.44    89.87  2917.00
 1423.74   567.01    89.55  2784.00
   76.91   584.95    89.04  3059.00
  398.79   750.75    90.12  2821.00
  176.49   858.57    89.24  2882.00
  337.29   860.56    89.82  2739.00
  564.60    88.74    90.65  2826.00
 1222.35    95.63    90.65  2754.00
 1158.47   121.88    93.64  2834.00
  284.24   154.63    90.00  2483.00
  336.61   161.78    90.83  2703.00
  396.18   195.09    89.79  2382.00
  262.75   226.67    90.46  2498.00
  240.58   289.23    89.94  2712.00
  813.61   332.23    89.42  2371.00
  318.64   414.02    91.21  3048.00
 1449.04   429.98    89.82  2750.00
  974.64   469.02    91.00  2367.00
  932.75   675.75    91.13  2940.00
 1528.59   723.54    90.10  2403.00
  565.18   878.60    91.73  2267.00
  561.71   893.20    90.20  2440.00
 1059.81   897.29    90.32  2336.00
  700.82    55.41    92.38  2134.00
    2.37   131.30    92.20  3402.00
  234.61   237.82    92.09  2871.00
 1072.94   237.50    90.61  2551.00
 1079.61   243.73    90.30  2539.00
 1275.07   358.60    92.19  2961.00
 1219.57   368.55    91.83  2828.00
  250.69   460.99    91.78  3038.00
 1096.54   903.34    91.92  2872.00
 1264.39   956.39    91.04  2525.00
  750.64    69.80    91.58  2406.00
 1228.69   119.92    92.13  2564.00
 1311.88   155.41    91.29  2593.00
 1471.24   244.89    92.24  2634.00
  383.43   258.82    91.61  2404.00
  907.07   297.48    91.78  2700.00
 1156.58   397.82    92.29  3276.00
  632.92   473.10    92.00  2549.00
  991.29   654.23    91.97  2313.00
  768.93   670.24    93.05  2974.00
  983.07   678.86    92.89  2895.00
  152.90   682.96    92.81  3231.00
  932.33   713.30    91.85  2220.00
  223.03    55.10    93.00  2197.00
  192.13    65.47    92.96  2454.00
 1332.97   214.93    93.69  2684.00
  166.19   261.25    92.28  2434.00
  800.41   325.53    94.74  2929.00
  358.50   367.44    93.12  2419.00
  703.91   369.00    93.64  2458.00
 1003.30   541.74    93.17  2577.00
  951.80   700.64    93.00  2846.00
 1189.74   791.98    92.90  2680.00
 1375.49   199.34    94.11  2627.00
 1430.89   518.42    94.13  2457.00
 1455.26   707.08    94.57  3147.00
 1281.56   846.70    94.02  2953.00
  578.92   851.25    94.22  2656.00
  701.57   880.78    94.93  2780.00
 1392.79   936.25    94.27  2833.00
  616.71    53.71    97.08  2135.00
  428.78   148.86    94.39  2593.00
 1287.90   319.00    95.06  2375.00
 1155.54   383.00    94.80  2479.00
  336.33   505.23    94.73  2513.00
  381.11   548.89    94.39  2324.00
  820.37   560.32    95.47  3133.00
 1198.25   796.32    94.57  2470.00
 1104.16   846.82    95.36  2605.00
  923.45   887.28    95.67  2655.00
 1044.80   892.49    95.66  2876.00
  764.00   971.78    95.63  2342.00
 1102.65   975.18    95.33  2219.00
  529.67    53.47    96.37  2088.00
  705.13    90.16    96.76  3153.00
  383.71   117.60    96.00  2883.00
  355.18   147.69    96.13  2657.00
  612.67   226.03    95.81  2387.00
   58.06   265.87    96.46  3081.00
 1300.26   272.46    96.98  3068.00
 1349.58   323.70    96.36  2464.00
  860.76   357.17    98.31  2874.00
 1268.91   369.65    95.99  2799.00
 1161.45   408.74    95.79  2634.00
  189.72   529.14    95.66  2334.00
  792.64   709.28    96.24  2772.00
  406.38   723.92    96.17  2557.00
 1024.43   741.87    96.48  3051.00
 1321.22   788.09    96.26  3144.00
  147.45   852.12    96.51  2868.00
  187.55   887.39    96.09  3273.00
  776.31   972.24    97.22  2440.00
  121.35    54.89    96.98  2237.00
 1097.37    55.61    98.99  2372.00
 1250.45    56.81    96.74  2276.00
  841.47    79.79    96.77  2637.00
 1324.60   111.33    96.88  2479.00
  808.75   229.08    97.25  2594.00
  132.93   232.83    96.07  2314.00
  531.76   246.88    96.45  2371.00
 1367.46   311.07    96.59  2632.00
  255.10   395.57    97.22  2799.00
  928.89   467.39    96.84  2307.00
 1398.20   485.69    97.41  3009.00
  300.60   508.49    97.86  2304.00
   12.75   549.28    97.95  3363.00
  515.12   701.11    97.92  3025.00
 1083.24   741.88    97.53  2553.00
  579.03   800.29    97.13  2400.00
  974.15   348.13    97.54  2388.00
  973.95   473.36    97.75  2495.00
  612.62   598.10    98.95  2810.00
 1389.15   659.52    99.21  3354.00
  566.66   699.63    97.66  2415.00
   83.23   757.85    98.60  2659.00
 1109.47   811.56    98.24  2641.00
  275.77   879.58    97.53  2486.00
  617.97    69.88   100.09  3256.00
  401.10   169.67    99.33  2448.00
  283.39   196.27    98.77  2628.00
 1450.87   300.22   100.07  3167.00
 1027.47   461.90   100.33  2530.00
  191.96   508.24    99.94  3051.00
 1235.69   542.03    99.93  3260.00
  150.10   609.53    98.45  2528.00
  696.25   703.05    99.44  2602.00
  553.35   933.77    98.45  2414.00
  448.11   943.02    99.28  2700.00
  442.80   959.25    99.17  2598.00
  524.31    67.53   101.60  2851.00
 1080.62   166.69   100.99  3133.00
 1394.88   252.52   101.38  3075.00
 1182.39   441.18   100.11  3341.00
  280.56   448.52    99.75  2461.00
  759.72   563.54    99.85  2441.00
 1329.50   602.66   100.25  2413.00
 1358.09   769.34    99.78  2674.00
  536.23   776.52    99.93  2593.00
 1298.45   837.10   100.03  2436.00
  438.45   852.03    99.52  2344.00
 1503.76   955.82   100.34  2507.00
  710.62    77.80   101.79  2664.00
 1133.03   121.95   101.37  2450.00
  439.40   140.11   101.83  2857.00
  796.94   220.13   101.75  2723.00
  461.38   222.72   101.80  3118.00
  793.12   248.11   101.76  2934.00
  211.24   247.66   102.18  2878.00
 1087.19   301.49   101.33  2488.00
  913.23   303.48   101.06  2672.00
   34.19   337.66   100.58  2705.00
  886.82   385.00   100.39  2295.00
  715.93   551.14   101.83  2560.00
  257.53   881.00   101.51  2958.00
  390.68    93.41   102.69  2721.00
  746.79   189.71   101.47  2547.00
   25.31   208.68   101.79  2510.00
 1512.63   209.77   101.63  2317.00
 1229.13   340.52   102.03  2329.00
  430.30   425.62   101.91  2760.00
  790.87   478.00   101.39  2405.00
  551.38   484.49   103.59  2333.00
 1144.07   716.00   102.17  2385.00
  189.14   899.20   102.48  2418.00
  722.11   906.36   102.06  2594.00
 1264.95   965.97   103.01  3048.00
  552.47   169.05   102.77  2447.00
  445.30   199.49   103.48  2899.00
   13.32   210.63   102.48  2578.00
 1198.75   251.77   103.60  3010.00
  709.25   325.11   103.58  3155.00
  135.71   417.02   103.16  2413.00
  388.96   544.96   102.11  2351.00
  446.14   688.05   103.96  3118.00
 1233.90   711.57   104.41  2928.00
 1488.39   738.39   102.57  2297.00
  194.77   764.74   102.66  2500.00
  968.03   171.64   104.39  2765.00
 1060.41   318.56   104.50  3028.00
 1107.86   531.61   104.80  2679.00
 1522.44   589.15   104.02  2428.00
  552.96   739.44   104.02  3152.00
  982.07   739.71   104.09  2599.00
 1453.07   763.42   104.00  2692.00
  491.86   835.41   103.90  2669.00
  938.63   974.08   105.63  2471.00
  336.04   103.49   105.61  2749.00
 1051.00   143.70   105.46  3025.00
  157.33   188.86   105.41  3048.00
  638.09   194.14   104.46  2361.00
  814.08   448.28   105.31  2438.00
 1205.22   453.22   105.42  2452.00
    3.00   511.41   104.19  2201.00
  704.52   547.61   105.26  3087.00
  451.19   613.30   105.59  2928.00
  922.69   681.55   105.46  2585.00
 1002.34   844.14   105.61  2566.00
  235.71   846.44   105.76  2618.00
 1303.10   867.75   105.81  3025.00
  485.82   892.83   104.58  2482.00
  519.84   242.63   106.11  2719.00
 1479.00   659.03   105.34  2380.00
  671.84   664.96   107.22  2779.00
  465.22   666.01   106.94  2783.00
 1383.26   683.80   106.44  2940.00
    8.51   686.63   106.24  2943.00
 1480.32   715.00   106.27  2444.00
  304.85   786.52   107.22  2753.00
 1507.26   871.06   105.19  2501.00
 1057.72    64.41   107.50  2525.00
  210.39    74.67   107.64  2746.00
  653.87   221.55   107.93  2927.00
  748.39   681.55   106.33  2409.00
 1444.56   730.44   107.28  2361.00
  298.67   768.05   108.36  2928.00
 1340.81   877.89   107.95  2852.00
  936.02    55.32   110.74  2434.00
  469.19   207.61   108.89  2924.00
  629.33   377.27   107.67  2554.00
 1302.30   793.73   108.36  3415.00
  223.29   846.55   107.45  2415.00
 1529.70   113.56   109.13  2557.00
  580.20   123.91   110.86  3212.00
 1059.97   171.08   109.29  2459.00
  838.92   276.01   109.30  2740.00
  653.87   427.98   108.60  2337.00
 1425.55   519.63   109.76  2907.00
  104.45   527.12   109.25  2560.00
  625.78   593.41   108.82  2561.00
  453.97   629.90   110.08  3081.00
  940.57   927.03   109.52  2757.00
   56.44   191.76   109.97  2431.00
  684.63   377.97   109.37  2480.00
  791.51   410.06   111.48  3139.00
   40.20   419.65   110.37  2907.00
  490.50   550.70   110.77  2964.00
  484.19   558.84   109.86  2814.00
   88.13   849.00   110.73  2640.00
  685.97   852.87   111.61  2957.00
 1216.56   893.00   110.31  2267.00
   35.18   397.95   111.45  2668.00
 1105.09   402.35   112.29  3188.00
   23.91   421.39   112.09  3170.00
 1517.07   468.03   110.34  2418.00
   88.86   495.03   111.30  2782.00
  433.24   534.97   110.91  2451.00
 1184.53   582.41   110.85  2360.00
 1165.89   599.71   110.43  2428.00
  134.15   649.04   110.22  2432.00
 1402.35   648.32   111.21  2770.00
  311.80   690.03   110.20  2388.00
  623.43   752.60   111.33  2439.00
  959.20   776.51   111.92  3292.00
   35.03   855.42   111.78  2886.00
  741.95   874.84   110.98  2781.00
  185.66   878.91   110.44  2412.00
   56.41   177.41   111.73  2425.00
   61.48   313.17   112.99  2977.00
  117.84   364.58   111.76  2677.00
  395.42   401.19   111.80  2498.00
  580.84   410.34   112.70  2792.00
   31.97   610.73   112.28  2865.00
 1461.44   665.44   111.65  2424.00
 1208.17   896.50   112.42  2498.00
  772.70   958.60   112.67  2758.00
 1490.54   330.76   113.34  2773.00
 1490.78   339.56   114.50  3079.00
   49.41   356.77   112.64  2542.00
 1152.90   469.39   112.80  2683.00
  620.40   601.60   113.41  2689.00
 1393.50   608.81   112.31  2362.00
  679.03   668.73   113.78  2905.00
  488.88   781.58   113.15  2707.00
  641.14   839.29   113.43  3090.00
   74.57   847.05   113.52  2770.00
  786.66    93.32   113.66  2503.00
  215.46    95.13   114.49  2921.00
  206.84    96.24   113.76  2478.00
  326.87    97.82   113.82  2508.00
 1118.02   112.98   114.65  2499.00
  859.95   115.48   114.43  2789.00
 1020.21   308.00   114.21  2711.00
  528.86   309.47   113.96  2599.00
  694.62   319.11   114.81  3210.00
  410.00   384.94   114.17  2708.00
 1366.86   505.38   114.81  2944.00
 1246.44   558.18   114.13  2704.00
  949.56   658.78   114.08  2602.00
  676.85   708.61   114.41  3033.00
  760.49   871.59   114.21  2502.00
  665.19   875.04   113.93  2387.00
  406.43    53.76   116.41  2211.00
   35.73    55.14   117.14  2315.00
  249.11    60.71   114.18  2297.00
  265.00    82.84   115.21  2301.00
 1121.04   131.88   115.51  2433.00
  626.36   185.28   114.47  2540.00
  610.23   200.30   117.11  2709.00
 1415.35   247.67   115.43  2624.00
  419.12   355.43   115.57  3006.00
   71.07   423.85   114.26  2465.00
 1264.21   697.99   116.32  3154.00
  558.94   730.18   114.50  2408.00
  161.00   810.24   114.40  2505.00
 1023.85   968.00   114.85  2386.00
  478.46   100.64   115.33  2437.00
 1253.04   305.94   116.96  3033.00
  515.19   613.07   115.93  2456.00
 1135.55   686.55   116.50  2855.00
  652.32   704.25   117.31  2614.00
 1439.71   706.91   115.37  2454.00
  165.05   840.84   116.90  2757.00
  518.07   853.33   116.41  2641.00
  631.53   206.38   117.72  2800.00
  551.34   362.47   117.84  2160.00
  780.45   482.33   116.27  2496.00
  194.24   486.49   117.76  3109.00
 1011.85   651.23   117.89  2899.00
  403.39   815.49   116.76  2595.00
  334.20   862.13   118.24  2663.00
  134.30   874.75   117.25  2815.00
  340.14    73.44   118.82  3039.00
  408.61   244.14   117.68  2334.00
 1144.41   299.50   117.41  2444.00
  788.28   496.29   118.58  2964.00
  169.25   615.33   119.06  2988.00
 1496.41   652.11   118.51  3240.00
  945.56   757.21   118.97  3077.00
  416.07   803.03   117.50  2421.00
  901.32   868.70   117.27  2480.00
 1434.79   921.98   118.23  2676.00
  375.10   964.90   118.82  2280.00
  975.21   974.63   119.08  2422.00
 1065.97   182.95   118.84  2518.00
 1074.89   259.47   119.21  2553.00
 1442.14   269.29   119.00  2350.00
   48.89   319.90   119.98  3026.00
 1020.41   396.01   119.34  3516.00
 1031.14   400.06   119.11  2544.00
  624.05   452.63   120.72  3044.00
  677.68   486.42   119.33  2529.00
  480.84   555.90   119.16  2486.00
  898.14   577.19   119.92  2961.00
  703.45   672.61   118.68  2350.00
 1045.66   731.10   119.11  2682.00
  330.90   768.07   119.00  2314.00
  753.37   769.68   119.32  2614.00
  262.46   856.90   119.24  2690.00
 1341.06   867.08   118.90  2565.00
  390.24    69.88   119.76  2480.00
  118.15    74.73   119.52  2268.00
 1337.16   142.74   119.71  2408.00
  213.92   306.31   120.08  2729.00
  179.50   401.91   119.65  2447.00
 1056.60   593.48   120.63  2854.00
 1245.00   681.84   119.45  2381.00
  318.21   725.69   119.65  2630.00
 1037.57   225.10   121.22  2588.00
 1027.58   292.75   121.64  2844.00
  250.14   357.81   120.54  2648.00
  578.34   573.77   121.01  2701.00
 1423.29   259.61   123.24  3102.00
  946.84   398.59   122.16  2517.00
  988.20   489.67   123.05  2767.00
 1477.44   655.40   122.82  3144.00
 1488.65   757.33   122.02  2496.00
  773.59   759.00   121.53  2373.00
  710.43   909.85   122.85  2642.00
  871.31   319.62   122.45  2330.00
  844.53   505.35   124.08  2898.00
  237.90   577.27   122.60  2440.00
  760.22   614.36   123.07  2449.00
  392.60   684.95   124.55  2774.00
  775.65   823.84   122.55  2327.00
  151.46   831.29   123.13  2810.00
  116.02   856.16   122.88  2462.00
  618.40    53.68   131.53  2179.00
  387.36   181.88   124.24  2554.00
 1202.50   188.00   124.00  2483.00
  188.33   398.60   123.59  2873.00
 1255.48   456.41   125.13  2891.00
  713.52   530.22   125.69  3139.00
 1513.67   611.92   123.67  2504.00
 1112.59   729.97   123.56  2449.00
  178.98   744.41   124.40  2847.00
   59.15   787.13   124.42  2892.00
  652.79   932.62   123.56  2468.00
 1040.71   957.75   124.81  2211.00
 1238.43   140.49   125.19  2097.00
  404.26   189.55   124.38  2593.00
  265.15   245.64   125.96  2960.00
  254.52   335.18   125.77  2722.00
  819.47   344.62   125.59  2735.00
  325.62   434.73   125.24  2804.00
 1164.15   444.29   125.63  2967.00
  721.24   630.96   124.83  2639.00
  656.34   707.12   124.98  2617.00
  872.30   830.47   124.94  2724.00
  119.43   844.40   125.40  2784.00
 1514.81   955.86   124.46  2420.00
 1523.83   970.15   125.25  2595.00
  609.28   107.00   126.05  2443.00
 1375.38   174.10   125.45  2341.00
  559.89   372.44   125.59  2359.00
  967.94   606.61   126.29  2818.00
   46.69   627.55   126.39  2582.00
 1306.17   932.06   125.90  2776.00
  701.79    94.93   127.75  3342.00
  932.37   124.44   127.72  2752.00
   19.24   271.29   127.36  2661.00
 1154.06   271.80   126.89  2538.00
 1023.41   336.28   127.88  2812.00
  253.43   575.63   128.28  3185.00
 1407.67   872.93   126.92  2630.00
 1405.47   939.10   127.50  2787.00
 1431.93   953.31   127.67  2933.00
  382.65   126.30   127.81  2645.00
  649.84   237.81   127.74  2377.00
  304.26   353.20   127.63  2440.00
  603.05   454.09   128.31  2971.00
 1215.61   471.18   128.46  2921.00
   41.17   540.07   128.94  2910.00
 1195.41   551.33   128.20  2485.00
  356.50   663.85   130.05  2792.00
  625.42   785.50   127.26  2506.00
 1208.39   826.64   127.71  2299.00
  312.05   874.04   127.84  2876.00
  478.53   903.36   127.75  2516.00
  215.07   147.68   129.10  2716.00
  782.24   258.54   129.46  2587.00
 1030.16   339.81   128.66  2349.00
 1377.45   357.87   129.01  2787.00
  291.48   511.18   129.42  2627.00
 1127.93   753.61   129.67  3015.00
  115.65   835.50   128.62  2339.00
   28.67   102.85   130.53  3075.00
  248.74   150.89   129.26  2355.00
 1496.57   178.43   130.75  2840.00
  643.38   234.79   129.40  2450.00
 1423.96   245.16   130.70  3239.00
 1220.38   348.72   130.46  2916.00
  384.13   369.00   130.65  2905.00
  394.13   488.67   130.55  2891.00
  440.54   591.32   129.84  2470.00
 1147.63   686.15   129.32  2508.00
  484.41   703.34   131.15  2900.00
  560.04   887.96   130.79  3481.00
  162.25   892.25   130.72  2868.00
   42.31   182.51   131.33  3003.00
   93.14   259.93   130.96  2359.00
  156.50   262.00   131.00  2719.00
  548.22   275.71   131.77  2921.00
  238.65   400.35   132.69  2374.00
 1291.09   426.46   131.21  2764.00
 1496.75   522.15   131.83  2730.00
  508.39   578.85   131.38  3230.00
  376.21   670.95   130.74  2493.00
  861.81   940.19   130.74  2389.00
  856.47    63.27   133.02  3058.00
  441.54   139.18   132.88  2123.00
  375.25   206.62   132.17  2718.00
  797.41   384.63   133.05  2947.00
 1311.44   757.77   132.40  2572.00
  987.92   974.17   132.72  2335.00
    2.40    55.69   133.69  2221.00
  945.31   120.72   133.29  2652.00
  530.58   318.49   133.87  2368.00
  902.50   686.13   133.15  2543.00
   21.83   719.33   132.57  2461.00
 1433.98   941.37   133.43  2948.00
  756.79    54.24   137.46  2117.00
 1415.45    60.49   135.72  2180.00
   36.91   168.24   133.98  2669.00
 1040.82   196.02   134.22  2959.00
  159.52   203.58   134.64  2947.00
  344.19   251.85   133.49  2422.00
  771.82   399.03   133.68  2499.00
  321.64   429.27   134.55  3073.00
  275.76   541.45   134.43  2506.00
  456.51   572.16   134.26  2699.00
  460.39   640.57   134.63  2619.00
  536.27   683.45   138.00  2605.00
  672.59   733.50   133.59  2406.00
  300.07   120.07   134.26  2343.00
  813.63   242.56   135.84  2902.00
 1247.00   249.52   134.97  2838.00
 1247.58   576.57   134.78  2553.00
  520.83   697.84   135.82  2825.00
  882.03   788.00   134.89  2496.00
 1431.22   800.27   135.41  2844.00
  298.62   133.00   135.49  2480.00
  173.93   206.17   135.40  2508.00
  370.13   213.64   135.95  2514.00
 1431.49   425.42   136.90  2920.00
 1262.55   494.25   137.09  2681.00
  116.62   509.10   136.55  2904.00
 1056.99   839.70   136.58  3197.00
 1255.97   888.55   137.97  2935.00
   29.87    54.48   137.42  2226.00
   34.93    68.72   137.01  2741.00
  399.50   176.80   137.66  2941.00
  966.01   233.60   138.21  3308.00
 1523.24   329.26   136.91  2381.00
 1262.33   418.27   137.80  2707.00
 1119.13   916.90   137.06  2291.00
  280.50   937.94   138.04  3047.00
 1380.13    97.46   137.62  2490.00
  465.94   500.52   138.20  2854.00
 1184.28   511.66   138.36  2492.00
  451.42   667.41   138.94  3242.00
  868.94   766.04   138.19  2502.00
  452.84   853.53   138.84  3028.00
  797.96   965.22   138.69  2753.00
 1427.17   966.08   138.76  2647.00
  463.89   661.08   139.63  2995.00
 1043.67   732.11   138.74  2358.00
  128.65   819.72   138.49  2454.00
 1014.35   315.23   139.97  2444.00
 1429.05   334.75   140.57  3272.00
  433.74   425.68   140.68  2227.00
  422.19   446.90   140.78  2439.00
   65.63   511.05   140.83  2588.00
  100.49   523.56   139.71  2397.00
 1137.28   680.62   139.98  2617.00
  779.46   761.84   139.78  2526.00
  358.75   820.28   141.06  2953.00
  139.55    91.99   141.51  2688.00
    3.07   246.75   141.23  2724.00
 1468.57   273.68   141.42  2810.00
  993.69   275.98   141.44  3087.00
  431.80   286.98   141.40  3046.00
  292.57   440.69   141.71  3030.00
  288.77   548.92   140.90  2407.00
  403.40   668.84   142.06  2954.00
 1193.17   761.13   140.54  2804.00
  511.08   791.04   142.31  3019.00
  104.22    69.06   142.52  2657.00
  726.99   182.67   142.83  2427.00
  807.64   433.56   141.50  2414.00
  857.15   511.26   142.88  3097.00
 1482.35   527.22   141.86  2528.00
  266.33   681.11   141.52  2325.00
 1376.88   682.99   142.31  2977.00
  324.16   819.85   142.69  3239.00
  862.97   830.54   142.38  2726.00
  863.31   881.08   142.31  2617.00
  787.56    54.41   142.48  2103.00
   15.90    55.20   144.07  2446.00
 1423.05    60.32   144.06  2550.00
  516.83   122.04   142.71  2540.00
  407.10   146.78   143.90  3247.00
   96.34   246.38   144.31  2239.00
 1474.21   416.16   142.50  2460.00
  706.43   417.07   143.51  2687.00
  715.81   465.40   144.15  3300.00
   16.73   541.61   144.02  3075.00
  257.55   665.56   143.55  2743.00
 1325.31   830.52   143.05  2714.00
  328.71   838.28   143.73  2740.00
    1.89   851.41   145.03  4096.00
  728.20   218.11   143.66  2460.00
  875.23   472.52   144.60  2872.00
   41.00   506.93   143.78  2368.00
  539.19   547.13   144.65  2765.00
  961.93   588.08   144.50  2922.00
  189.11   633.37   143.44  2266.00
  661.84   745.43   144.19  2882.00
 1440.26   770.79   144.99  2913.00
 1296.53   842.35   145.14  2515.00
  698.98    58.92   145.17  2498.00
 1503.23    96.69   145.19  2655.00
 1126.77   212.63   145.78  2512.00
 1183.81   369.98   146.09  3200.00
  872.00   392.67   144.19  2450.00
  786.16   434.41   145.72  2824.00
 1110.13   460.30   145.73  2792.00
  672.50   574.07   144.88  2798.00
   53.41   591.18   145.21  3040.00
 1180.90   622.84   145.19  2736.00
  536.55   739.56   145.41  2878.00
  572.27   872.24   145.61  3121.00
 1527.01   201.41   147.04  2478.00
  784.06   369.33   145.50  2431.00
  626.07   542.52   147.63  3031.00
  428.77   837.61   146.95  2605.00
 1230.89   860.14   146.74  3122.00
  779.71   946.95   146.76  3049.00
   52.83   144.88   148.00  3041.00
  344.93   145.26   147.89  2849.00
  323.67   157.90   147.72  2835.00
  331.20   166.61   148.06  2695.00
  182.75   283.49   146.97  2638.00
  980.29   360.65   147.35  2548.00
 1266.00   592.61   147.37  2492.00
  707.72    70.63   148.39  2575.00
  851.25   107.17   147.47  2561.00
 1038.35   454.03   148.97  2878.00
 1337.44   461.19   148.42  3001.00
  138.52   462.67   148.23  2619.00
 1079.32   585.96   147.85  2614.00
  283.88   684.06   147.41  2481.00
 1039.43   881.62   147.93  2450.00
   99.72    79.63   149.00  2379.00
 1397.26   145.15   149.21  2556.00
  670.66   267.55   149.00  2991.00
  170.86   282.46   149.25  2281.00
  358.68   373.36   149.17  2660.00
  772.25   421.68   150.00  2879.00
    1.93   433.13   150.27  3222.00
  279.36   546.14   150.29  3154.00
 1183.35   924.09   149.73  3001.00
  868.26    55.30   150.70  2393.00
 1215.08   476.81   150.48  3271.00
  793.67   522.23   149.47  2366.00
   45.24   597.10   150.84  3108.00
  470.47   603.20   149.70  2354.00
  744.21    54.62   152.13  2184.00
   64.67   207.05   151.21  2466.00
 1527.90   375.02   150.74  2558.00
   93.56   392.04   150.63  2346.00
 1478.31   590.76   151.71  2775.00
 1491.58   614.42   150.88  2682.00
  883.43   809.77   150.41  2497.00
  740.39   817.49   151.14  2441.00
  218.22   830.72   151.62  2715.00
 1161.09   943.24   151.75  2805.00
  896.03    55.45   154.50  2350.00
 1132.08    62.91   152.19  2769.00
  324.43   181.98   152.14  2458.00
 1137.75   222.99   152.62  3393.00
  765.70   278.27   151.95  2542.00
 1428.14   548.98   153.34  3326.00
 1170.09   698.59   151.57  2306.00
 1036.82   855.33   152.51  2767.00
  664.70   969.06   153.65  2399.00
  101.77   129.82   153.38  2445.00
  369.90   366.46   154.26  2693.00
 1010.73   415.80   154.09  3164.00
  693.82   505.66   154.57  3294.00
  305.30   549.08   153.15  2404.00
  697.60   617.83   152.89  2888.00
  773.88   638.92   152.80  2863.00
  940.34   730.00   152.32  2402.00
  149.84   812.20   153.14  2905.00
 1435.74   820.95   152.64  2562.00
 1047.07   857.96   152.78  2349.00
   62.13   859.03   152.90  2383.00
  575.94   895.29   153.09  2453.00
  334.17   932.72   153.38  2682.00
  244.18    53.87   155.34  2257.00
  886.71    66.26   154.34  2415.00
  410.94   109.06   153.58  2383.00
  284.34   589.53   154.26  2625.00
  965.82   626.55   154.86  2516.00
  592.13   633.92   154.92  2579.00
 1504.79   677.60   154.74  2828.00
  671.63   753.04   153.30  2394.00
 1047.11    65.04   154.29  2389.00
   12.31    82.00   155.12  2584.00
 1281.38   220.15   154.96  2580.00
  591.24   298.35   156.47  3139.00
  483.56   384.66   155.35  2722.00
 1529.51   528.84   155.85  2810.00
  150.33   562.70   154.87  2478.00
  800.73   609.94   155.66  2935.00
  199.08   633.56   154.67  2432.00
 1367.83   664.80   154.40  2362.00
  198.09   732.41   155.39  2702.00
  813.99   803.06   155.75  2900.00
 1022.66   862.53   156.17  3094.00
 1119.52   975.48   155.41  2161.00
  864.64   107.94   156.03  2401.00
  305.21   248.31   155.96  2698.00
 1431.47   259.09   155.38  2520.00
  852.16   292.58   155.23  2349.00
 1244.26   323.26   156.31  2341.00
  210.37   402.96   155.87  2547.00
  428.37   454.28   156.12  2804.00
  849.19   461.78   156.13  2441.00
  211.42   745.47   156.31  2686.00
  250.04   768.71   156.53  2289.00
  724.04   801.14   155.68  2352.00
   26.21   807.45   156.51  2576.00
 1138.74   939.30   156.47  3073.00
  452.67    70.25   157.88  2873.00
 1133.78    95.17   158.51  3191.00
  806.94   132.47   157.41  2811.00
 1415.82   225.64   156.74  2489.00
  444.04   253.62   157.58  2807.00
  154.89   430.66   157.51  2432.00
  996.44   510.31   158.27  2930.00
  434.90   553.29   157.47  2969.00
    7.00   604.00   157.92  3224.00
 1170.53   705.40   158.04  2456.00
  185.28    89.79   158.04  2562.00
 1055.95    90.12   158.11  2655.00
  253.09   125.00   157.74  2519.00
 1002.49   128.41   158.10  2402.00
 1233.72   163.87   158.01  3036.00
  525.72   177.53   158.53  3157.00
 1011.39   192.28   158.76  2787.00
  196.40   253.97   158.43  2442.00
 1500.58   256.11   158.14  2732.00
  982.96   331.22   158.68  2837.00
  686.75   360.30   157.30  2575.00
  214.38   727.70   158.16  2835.00
 1264.86   794.12   159.69  2954.00
  386.86   881.70   158.18  2823.00
  104.41   929.62   157.91  2715.00
 1307.40   128.38   159.40  2496.00
  847.88   429.88   158.60  2495.00
 1005.44   498.29   159.74  2413.00
  270.88   569.30   159.59  2596.00
 1316.82   618.86   159.33  2349.00
   79.15   626.15   158.96  2675.00
   27.72   674.67   158.67  2526.00
  689.56   693.49   159.60  2757.00
  495.83   884.77   158.43  2350.00
  730.49   920.40   158.84  2484.00
 1128.04   107.43   160.46  2855.00
 1428.58   109.00   161.12  2976.00
  431.69   276.50   160.17  2603.00
  956.33   301.77   160.25  2630.00
  200.24   399.81   160.89  2979.00
  747.64   401.43   160.06  2896.00
 1400.64   439.97   160.83  3382.00
   20.33   525.76   160.00  2535.00
  507.32   606.57   159.39  2266.00
  211.13   669.35   161.18  3240.00
  142.39   692.96   159.79  2385.00
 1469.63   729.87   160.59  2658.00
  223.36   756.86   160.06  2605.00
  995.11   807.64   160.16  3288.00
  778.45   921.75   160.76  2959.00
  736.39   937.73   159.98  2457.00
  236.25    54.42   164.71  2154.00
  571.02    54.04   164.71  2018.00
  361.43    85.19   160.70  2682.00
  549.11   114.18   161.32  2700.00
   63.23   385.57   160.75  2557.00
  411.38   457.82   162.49  3052.00
  954.87   465.05   160.29  2580.00
 1444.36   822.13   161.55  2986.00
  754.24   132.80   162.33  2558.00
  678.00   259.74   161.74  2478.00
 1046.79   646.39   161.92  2649.00
 1516.66   687.16   162.65  2965.00
 1044.26   724.69   162.82  3021.00
  723.15   738.39   162.02  2512.00
  320.39   790.91   161.83  2735.00
  107.08   799.21   162.66  3155.00
  116.58   822.28   163.32  3061.00
 1226.44   944.20   163.11  3355.00
  642.73    53.49   163.92  2116.00
  155.42    54.02   165.35  2555.00
  128.06   157.22   163.31  2845.00
  950.07   236.90   162.83  2272.00
 1035.40   408.05   163.68  3436.00
 1483.69   544.15   163.54  3125.00
 1389.27   644.26   163.64  2893.00
  196.12   692.14   163.32  2872.00
  215.25   810.26   163.43  2669.00
  984.64   814.02   163.09  2730.00
  111.23   852.21   163.31  2430.00
  927.54   968.81   162.60  2403.00
  177.90    55.28   165.82  2312.00
  452.11   252.73   164.71  2840.00
  778.00   266.15   163.94  2483.00
  503.62   317.34   164.61  2745.00
  205.03   595.40   163.33  2434.00
  496.14    53.57   165.18  2111.00
  663.00   134.80   165.27  2863.00
  973.25   312.90   165.05  3241.00
  417.94   344.94   165.56  3168.00
  450.73   361.90   164.99  2724.00
 1323.50   422.00   164.50  2553.00
  457.09   475.91   164.94  2489.00
  169.55   485.74   165.59  3274.00
  670.63   564.54   165.09  2598.00
 1088.97   635.42   165.83  2887.00
 1208.39   766.18   165.59  2773.00
  159.90   817.30   166.16  3074.00
  806.72   816.46   166.45  2577.00
  577.57   909.68   165.96  2818.00
 1527.98   977.17   165.45  2251.00
  337.58    54.36   167.64  2183.00
  611.34   110.02   165.68  2491.00
  165.98   183.29   166.29  2335.00
  770.06   192.44   166.66  2441.00
  849.30   245.59   165.46  2542.00
  902.07   307.63   166.72  2762.00
  836.64   340.15   166.78  3054.00
  543.71   485.54   166.72  2906.00
  731.82   489.54   166.52  2709.00
 1161.66   554.80   166.40  2486.00
  334.15   664.67   166.02  2510.00
  704.99   720.13   165.81  2940.00
  237.64   809.67   165.36  2382.00
  766.06   923.53   166.06  2420.00
  331.36   310.44   167.24  2539.00
  699.31   354.42   167.57  3012.00
 1267.88   402.84   166.34  2418.00
 1105.63   493.81   166.00  2419.00
 1486.95   526.56   168.00  2966.00
 1015.70    56.13   170.00  2081.00
 1269.85   133.32   168.81  3281.00
  416.76   274.68   168.30  2628.00
  434.92   388.88   168.62  2574.00
  481.95   478.08   168.53  3085.00
  775.82   565.92   168.92  3185.00
 1045.25   612.50   167.68  2458.00
 1143.56   693.50   167.69  2302.00
  442.15   706.88   167.28  2409.00
  163.43   120.36   168.93  2470.00
  414.67   185.13   169.59  3127.00
  852.18   184.88   170.09  3006.00
  424.16   217.62   169.14  2984.00
  627.33   253.48   170.53  2861.00
  735.39   305.54   169.39  2616.00
  679.31   330.35   169.56  2885.00
  952.66   359.34   168.44  2316.00
 1076.16   373.31   169.94  3002.00
  561.54   521.24   170.08  2653.00
 1197.11   528.39   169.57  3015.00
  786.06   563.90   169.38  2623.00
  460.97   934.33   169.15  2421.00
  609.24   968.84   169.88  2616.00
  850.94   394.98   170.58  3006.00
  238.06   485.19   170.27  2494.00
 1277.87   493.15   170.52  3238.00
 1452.50   494.74   170.50  2778.00
 1065.68   690.41   170.45  2987.00
  526.77   708.92   171.45  3045.00
  540.47   758.02   170.65  2962.00
  987.65   762.56   170.58  2580.00
  520.94    54.22   171.44  2152.00
 1476.64    91.26   171.26  2509.00
 1000.00    99.57   171.24  2679.00
  100.54   357.16   171.11  2589.00
  713.37   381.96   171.72  2604.00
 1196.73   588.52   171.92  2585.00
  865.83   749.23   170.71  2388.00
  800.12   858.12   174.46  2196.00
  625.24   890.15   171.11  2544.00
 1173.82   975.00   171.28  2289.00
  852.25   279.77   171.53  2606.00
    1.63   378.26   171.44  2365.00
 1214.69   447.63   172.59  2937.00
 1172.78   623.03   172.25  3446.00
  575.84   662.35   172.39  2743.00
 1422.00   770.90   171.66  2447.00
 1210.45   788.96   172.28  2616.00
  275.22   852.27   171.49  2374.00
  171.63    55.56   175.20  2440.00
 1509.45   207.34   175.08  2483.00
  452.02   332.41   173.91  2815.00
 1048.68   413.93   172.93  2366.00
  634.81   440.61   172.61  2426.00
  462.96   745.15   174.13  2797.00
  140.82   758.63   173.93  3219.00
 1000.58   803.70   172.42  2455.00
  416.41   835.33   173.46  3197.00
  268.91   838.26   173.25  2574.00
 1078.95   913.64   173.31  2448.00
  281.64    53.78   175.80  2259.00
  164.79   132.03   174.03  2392.00
  953.98   209.32   174.48  2548.00
 1204.76   317.43   173.88  2415.00
 1008.69   592.26   173.91  2744.00
 1278.59    58.55   176.21  2305.00
  215.10    91.33   175.33  2762.00
  106.31   186.03   176.70  2704.00
 1238.86   383.49   176.22  2920.00
 1204.51   444.23   174.95  2460.00
  567.63   557.72   175.33  2546.00
  726.59   579.14   175.46  3031.00
  876.96   652.12   175.81  3152.00
 1004.39   690.83   175.65  2684.00
  780.36   866.05   174.95  2726.00
  220.17    71.90   175.67  2346.00
  648.57   173.67   175.53  2278.00
 1082.43   192.68   176.62  3009.00
  674.32   247.59   176.44  2543.00
 1078.90   251.34   176.42  2893.00
 1145.59   312.39   176.29  2722.00
 1017.45   463.16   176.16  2681.00
  817.90   490.84   176.99  2918.00
  885.84   519.68   176.10  3237.00
  149.50   825.60   175.70  2488.00
 1109.63   836.03   175.82  2462.00
   80.56   892.83   176.54  2965.00
  561.85   899.34   176.47  2713.00
  880.17    55.17   177.20  2238.00
   63.97   261.25   176.41  2425.00
 1153.39   302.52   177.83  3227.00
 1472.56   342.47   177.13  2542.00
  556.53   418.18   177.99  2760.00
  705.69   495.41   177.15  2605.00
  380.50   545.19   177.35  2869.00
  563.34   671.67   177.91  2888.00
  509.14   741.08   177.59  2956.00
  405.44   834.05   177.74  2571.00
   53.99    85.12   178.50  2965.00
  144.97   294.39   177.58  2366.00
  851.58   384.68   178.22  2408.00
  315.49   725.93   178.35  2515.00
  542.49   740.86   178.07  2467.00
   68.50   833.34   178.46  2561.00
  931.03    54.86   179.86  2161.00
  301.42   150.86   179.42  2727.00
   69.33   224.21   179.27  2424.00
  219.81   227.15   179.26  2472.00
 1088.41   350.63   179.14  2642.00
 1303.59   396.88   179.85  2780.00
  351.89   434.79   178.87  2624.00
  200.63   453.13   179.03  2444.00
  840.51   471.15   180.20  2817.00
  357.21   474.31   179.90  3042.00
  241.32   561.63   179.98  2751.00
  324.93   591.52   179.22  2405.00
  232.22   810.54   179.62  2831.00
   97.65   942.65   179.24  2337.00
 1009.96    70.02   179.76  2475.00
 1093.65    88.59   180.21  2600.00
  111.97   270.03   179.54  2535.00
  118.13   295.47   180.67  2333.00
  651.11   653.51   180.76  2750.00
  955.06   805.52   179.77  2524.00
  779.00   967.97   179.67  2165.00
  246.26   100.37   180.65  2591.00
 1418.26   359.72   181.12  2715.00
  664.11   743.70   181.47  2936.00
 1529.79   836.55   181.87  2373.00
  173.91   859.71   181.78  2775.00
   35.72   938.60   181.40  2710.00
 1174.02   134.12   182.25  2560.00
  569.85   157.69   183.27  3178.00
  712.95   182.73   182.62  2866.00
  587.96   200.63   182.51  3510.00
 1269.48   250.03   182.25  2759.00
 1099.59   314.65   182.63  2745.00
  323.62   387.33   181.50  2441.00
  759.35   455.43   182.16  2429.00
 1275.72   610.19   182.72  3123.00
  273.08   626.60   182.28  2972.00
  123.89   685.45   181.36  2548.00
 1395.57   784.72   183.19  3041.00
   22.95   950.59   181.76  2533.00
  970.11   974.84   181.71  2344.00
  616.15    53.94   183.19  2235.00
  713.38   172.45   183.45  2347.00
  206.67   197.39   184.25  2879.00
   45.49   209.07   183.00  2449.00
 1411.46   220.96   183.35  2445.00
 1497.89   342.63   183.54  2780.00
   84.89   434.31   183.11  2908.00
  177.47   472.11   183.08  2318.00
  188.08   474.21   184.29  2386.00
  668.26   593.31   184.03  2745.00
  209.63   647.11   182.67  2324.00
 1379.63   773.40   182.50  2417.00
  995.64   811.18   183.20  2536.00
 1262.47   813.66   183.66  2651.00
 1107.26   878.78   182.33  2366.00
 1109.24   906.89   183.98  3594.00
 1388.10   409.24   184.31  2650.00
 1107.39   438.15   184.83  3138.00
  427.92   542.92   183.42  2353.00
  347.51   636.10   185.05  2820.00
  957.27   691.67   184.41  2896.00
  559.86   762.63   183.89  2528.00
  344.14   826.37   184.07  2677.00
  412.76   891.95   185.44  2457.00
 1426.42   948.28   185.22  3029.00
  213.35    54.48   185.43  2289.00
  913.73   137.10   184.96  2852.00
  225.30   173.14   184.91  2528.00
 1277.88   192.50   184.85  2497.00
  386.67   211.69   185.44  3044.00
  645.92   245.20   185.99  2841.00
  643.30   468.41   185.29  3250.00
  183.78   500.44   184.66  2295.00
  651.21   584.60   184.53  2583.00
    1.47   603.16   186.17  3218.00
 1330.63   683.40   185.47  3005.00
  607.29   754.37   185.50  2539.00
  666.00   774.95   185.67  2614.00
  411.64   822.36   184.42  2472.00
  903.93   846.99   186.15  2785.00
  892.51   902.41   185.16  2376.00
  417.44    54.05   188.14  2316.00
  792.48   126.87   185.61  2397.00
  208.47   243.94   186.07  2614.00
  773.86   280.95   187.34  3102.00
 1440.25   287.90   186.46  2925.00
 1384.39   313.41   186.46  2628.00
  195.11   490.34   186.34  2472.00
 1474.87   551.26   185.80  2554.00
 1048.00   628.99   187.63  2606.00
  912.63   785.87   187.21  2735.00
  941.95   825.02   186.93  3004.00
  637.15   830.43   186.42  2828.00
 1071.41   973.94   186.53  2349.00
  726.49    69.38   186.98  2802.00
 1394.68   312.11   187.05  2678.00
  927.32   378.97   187.29  2916.00
  196.18   463.63   187.78  2746.00
  168.20   484.94   188.27  2499.00
   45.52   547.17   186.24  2306.00
 1102.10   778.26   187.39  2822.00
  908.77   796.28   187.73  2965.00
   40.06   831.82   187.03  2464.00
  663.98   949.48   187.93  3158.00
  670.05    55.05   190.77  2362.00
  956.76   317.93   188.13  3113.00
 1228.63   335.66   188.30  2739.00
  270.10   391.02   188.16  2884.00
  738.79   565.40   188.25  2719.00
   15.13   600.36   188.57  2870.00
 1021.20   646.45   188.56  2933.00
 1342.53   668.20   188.22  2790.00
 1049.82   141.59   189.10  2444.00
   91.31   153.53   189.54  2499.00
   71.41   167.23   188.68  2493.00
  550.85   437.22   188.33  2345.00
  692.90   443.80   189.08  2470.00
  185.43   540.34   188.31  2444.00
 1290.04   632.41   190.05  3016.00
 1264.85   697.37   189.36  2884.00
  605.32   707.15   189.91  2917.00
 1082.57   739.35   189.28  3073.00
  149.59   755.62   189.53  2673.00
  506.87   793.89   189.14  2858.00
 1218.91   906.82   189.32  2974.00
 1201.03   917.72   189.39  2788.00
  240.21   949.43   190.16  3251.00
 1067.64   961.18   189.22  2625.00
  732.14   258.16   190.52  2911.00
  785.96   297.69   190.02  2670.00
 1030.41   348.46   189.30  2379.00
  863.16   401.82   190.47  2635.00
  771.05   422.96   189.69  2653.00
 1026.82   457.03   190.51  2958.00
  708.24   461.57   190.65  2510.00
  266.64   495.32   189.52  2460.00
  729.10   547.99   190.23  3134.00
 1390.14   572.86   190.61  2425.00
 1086.39   612.69   189.82  2724.00
  288.46   672.89   189.93  2697.00
 1016.86   132.81   192.18  3004.00
  256.66   330.64   191.57  2846.00
 1149.99   542.52   191.31  2777.00
  741.37   675.49   190.69  2843.00
  954.64   970.85   190.64  2238.00
  762.35   105.77   191.52  2336.00
  640.47   221.35   192.05  2440.00
  293.91   237.47   192.81  2685.00
 1408.22   343.25   191.45  2518.00
  660.10   343.62   191.45  2344.00
  687.56   419.09   192.00  2361.00
 1389.29   559.77   191.29  2282.00
  138.38   614.11   192.65  3088.00
 1459.30   667.62   191.32  2468.00
  486.21   787.39   193.46  3056.00
 1386.08   791.74   192.87  2870.00
 1231.42   911.53   192.33  2421.00
  490.22   967.47   194.57  2499.00
    8.01   163.75   192.63  2836.00
  897.58   163.71   192.62  2621.00
  347.74   324.74   193.38  2818.00
  448.17   389.70   192.50  2360.00
  330.62   407.93   194.00  3177.00
  434.64   446.30   196.18  2289.00
 1046.53   513.65   193.16  2556.00
 1377.30   787.57   192.93  2297.00
 1344.43   945.49   193.18  2946.00
  603.19   951.25   193.59  3234.00
   96.10   961.30   194.22  2572.00
  291.09   122.50   194.36  2922.00
  709.76   201.65   193.81  2387.00
  701.07   289.77   193.90  2416.00
 1042.88   359.65   193.86  2602.00
 1522.93   400.68   194.29  2331.00
  705.47   421.02   194.53  2611.00
   28.92   467.39   194.33  3063.00
  302.32   578.83   195.01  3376.00
 1302.59   706.56   194.85  2973.00
  173.33   945.16   194.43  2606.00
 1215.13    68.40   195.30  2995.00
 1477.48    78.76   194.33  2344.00
  485.09   132.83   195.77  3614.00
  958.69   166.44   195.62  2646.00
  819.95   216.58   195.05  2578.00
  469.59   220.71   194.25  2411.00
 1012.21   287.72   195.03  2724.00
  162.79   363.52   194.66  2347.00
  655.72   471.79   194.34  2356.00
 1379.88   505.60   194.63  2519.00
 1240.64   708.79   196.49  2832.00
  404.58   219.49   196.30  2691.00
 1441.57   265.78   196.41  2879.00
 1381.21   366.79   195.69  2316.00
  645.52   477.01   196.00  2746.00
  841.56   594.52   197.62  2669.00
  217.90   672.24   197.13  2982.00
  976.70   728.38   195.95  2589.00
  519.55   783.10   195.07  2380.00
  349.62   785.50   196.43  2875.00
  418.28   917.46   195.48  2303.00
 1064.83   136.45   200.82  3174.00
  361.03   315.30   197.85  2698.00
  451.02   383.14   197.09  2672.00
  385.12   473.10   197.12  2600.00
  193.52   536.54   197.57  2797.00
  470.81   604.54   197.57  2629.00
 1390.16   628.86   197.49  3204.00
  413.89   676.91   196.35  2522.00
 1363.70   796.15   197.13  2805.00
  631.85   818.32   197.41  2470.00
  560.01    53.57   200.39  2255.00
   41.93   284.42   198.74  3226.00
  923.49   285.56   197.99  2884.00
  751.88   388.75   198.64  2720.00
   95.80   571.57   199.26  2821.00
  992.89   639.36   198.02  2517.00
  214.94   655.86   198.71  2898.00
  411.40   687.21   198.07  2548.00
 1107.97   731.44   198.52  3206.00
 1095.75   749.70   198.56  3427.00
 1460.56   890.41   197.74  2369.00
  486.17    53.31   201.88  2175.00
  617.61    53.61   201.93  2221.00
 1320.69   434.07   199.97  3245.00
 1218.07   510.31   198.82  2557.00
  693.49   699.61   199.89  2865.00
  219.91   709.10   199.42  2679.00
  689.43   881.75   199.10  2575.00
  497.99    53.92   201.94  2415.00
  653.25   211.89   199.90  2568.00
  497.53   274.11   199.98  2630.00
  787.53   333.46   200.32  2484.00
 1062.74   584.13   200.84  2866.00
  990.19   621.95   200.57  2521.00
  370.89   196.58   200.94  2491.00
  919.31   263.12   202.19  2944.00
   87.29   267.15   200.68  2365.00
  302.03   285.13   201.11  2698.00
 1365.01   295.46   201.96  2808.00
 1351.43   430.52   200.96  2502.00
  357.75   534.92   201.10  2557.00
  946.41   938.19   201.92  2775.00
  535.18    63.16   202.42  2544.00
 1023.07    99.17   202.41  3046.00
 1425.56   101.76   201.44  2332.00
 1463.90   471.22   203.31  3020.00
  594.30   490.75   201.61  2411.00
   78.98   824.98   203.25  3146.00
  116.54   881.40   201.89  2751.00
  908.66   904.88   201.68  2737.00
  726.34   970.20   201.93  2250.00
  802.19    54.83   202.97  2469.00
  896.95    54.64   203.31  2184.00
  330.65   381.52   203.62  2745.00
 1445.78   775.87   203.11  2775.00
   55.45   779.60   203.13  2326.00
  549.65    54.83   205.36  2381.00
  693.79    56.31   204.29  2189.00
   92.59   189.97   203.56  2363.00
  460.48   626.56   203.98  2562.00
 1529.75   731.70   205.43  3125.00
 1095.38   781.26   204.74  2499.00
 1015.43   945.71   204.61  2872.00
 1439.43   297.60   205.45  2694.00
 1061.94   309.92   205.37  2714.00
  763.80   334.26   205.46  2489.00
  447.49   441.73   205.46  2179.00
 1102.02   501.02   206.24  3389.00
 1348.07   588.54   205.49  3149.00
 1529.03   588.76   205.18  2298.00
  684.72   680.44   204.80  2604.00
  129.38   737.95   205.54  2525.00
 1142.71   831.25   204.39  2297.00
  303.81   869.56   205.67  2720.00
  640.30   894.48   205.32  2660.00
 1376.13   899.09   204.19  2420.00
  736.72    55.00   205.86  2035.00
  676.25    96.77   206.70  2554.00
 1245.97   163.31   207.19  3160.00
  754.55   202.25   206.79  3212.00
  107.50   559.43   206.03  2322.00
 1009.94   583.35   205.90  2446.00
   41.71   777.92   206.47  2626.00
   98.27    92.47   206.67  2366.00
   47.03   191.94   206.90  2426.00
  637.00   198.25   207.10  2761.00
 1312.13   212.06   207.24  3071.00
  512.90   289.40   208.05  3022.00
 1055.72   675.67   207.26  2508.00
  124.92   797.19   207.60  2950.00
  326.85   892.87   208.32  2961.00
  788.24    54.49   209.20  2173.00
  715.30    54.79   213.17  2205.00
  813.40    65.04   207.91  2301.00
   72.28   199.99   208.91  2717.00
  809.78   426.16   208.51  2647.00
  406.18   684.70   208.08  3129.00
  188.74   761.20   208.87  2908.00
  603.12   907.01   208.26  2923.00
   43.32   917.52   207.55  2380.00
  463.81   967.77   208.74  2228.00
   19.32    69.21   210.00  2990.00
  121.21   165.65   209.44  2606.00
    2.07   201.93   208.67  2244.00
  746.76   205.78   209.20  2580.00
  755.26   281.91   209.00  2440.00
  234.91   293.99   209.52  2735.00
 1047.50   396.80   209.56  3129.00
 1369.67   420.72   209.39  2599.00
  811.74   515.33   209.17  2655.00
  737.42   572.30   210.00  2893.00
  282.58   905.74   208.93  2417.00
  892.97   949.02   209.49  2906.00
 1037.84   951.65   209.03  3025.00
 1440.36   967.88   209.60  2928.00
  362.42    54.17   209.33  2093.00
  470.41   170.46   209.70  2498.00
  170.45   334.43   209.55  2389.00
  219.61   446.73   210.54  2631.00
    3.26   576.44   208.85  2238.00
  514.55   658.45   209.08  2513.00
  875.76   678.73   209.58  2849.00
  207.55    98.40   210.74  2388.00
 1067.93   174.86   211.49  3246.00
 1127.68   258.32   211.65  2736.00
  681.08   373.71   212.12  3213.00
   33.48   443.92   211.79  2512.00
  212.03   450.15   210.73  2715.00
   93.67   511.16   211.00  2510.00
  785.51   524.99   212.97  2982.00
 1500.95   529.83   211.38  2535.00
  861.36   637.36   211.00  2733.00
  137.43   700.46   210.60  2365.00
  411.13   858.86   211.84  2553.00
  943.44   880.32   211.49  3027.00
  467.56   936.84   210.98  2561.00
 1396.47    60.14   212.75  2654.00
  809.55   273.89   212.45  2875.00
  831.84   430.98   212.33  3075.00
  113.66   473.21   212.56  2904.00
  106.59   540.46   212.08  2423.00
 1206.56   698.98   212.40  2279.00
 1145.68   820.41   211.61  2531.00
 1203.10   867.70   212.39  2944.00
  499.21   215.64   212.75  2548.00
 1137.86   239.03   214.01  2613.00
  692.61   311.68   212.95  2578.00
  264.12   432.24   213.45  2741.00
  359.11   471.23   213.59  2854.00
  104.60   498.60   212.14  2491.00
 1481.79   499.71   212.24  2398.00
  259.41   549.82   213.41  2924.00
  523.24   646.90   214.03  2819.00
  352.15   809.04   213.65  2687.00
  890.65   921.87   213.38  2920.00
  457.29   934.01   212.71  2750.00
  729.91    54.86   217.20  2518.00
 1243.55   105.61   214.24  2378.00
 1078.93   215.11   213.30  2254.00
  174.75   390.00   214.50  2503.00
  164.36   733.50   214.04  2722.00
  945.08   799.05   214.37  2828.00
  757.89   927.16   214.18  2611.00
  196.93   950.00   214.34  2376.00
 1378.60   146.00   215.00  2372.00
 1342.78   376.37   215.05  2760.00
  870.56   628.88   215.09  2359.00
  542.19   706.57   214.90  2351.00
  335.56   716.62   214.62  2658.00
  378.96   925.46   215.12  2830.00
  975.05   975.01   217.06  2553.00
  496.97    53.95   218.87  2310.00
  940.34    55.22   217.36  2370.00
   85.36   118.23   216.50  2492.00
  441.30   197.92   216.44  2616.00
  520.46   220.10   216.76  2623.00
  677.55   266.48   216.53  2572.00
   23.98   344.31   216.46  2950.00
  281.52   412.90   215.79  2425.00
  907.05   638.23   215.76  2842.00
  744.55   785.33   216.35  2412.00
  571.18   438.51   217.29  2529.00
 1403.83   527.90   217.39  2483.00
  771.33   529.26   217.31  2529.00
   57.47   724.93   216.58  2608.00
  385.60    53.37   220.64  2322.00
  543.32    54.70   221.79  2342.00
  906.81    55.39   218.75  2106.00
  988.50    68.70   217.47  2474.00
   25.68   359.38   219.31  3045.00
  528.22   454.44   217.92  2734.00
  622.75   503.16   218.63  2741.00
 1345.50   521.13   218.50  2317.00
  539.41   969.10   219.08  2322.00
  531.06   228.31   219.63  2712.00
   53.00   282.46   219.57  2821.00
  583.93   291.23   219.76  3253.00
  735.43   371.18   219.51  2714.00
  591.23   373.77   218.54  2553.00
  841.53   452.39   219.79  3336.00
  758.61   558.30   218.82  2354.00
  637.02   633.84   218.76  2426.00
 1102.16   672.57   219.74  3256.00
  277.75    66.18   219.29  2404.00
 1189.31   103.29   220.26  2566.00
  692.75   115.07   220.13  2228.00
  455.71   130.92   220.00  2754.00
 1270.27   184.03   220.00  3026.00
  341.03   207.48   220.51  2554.00
   68.94   213.28   220.52  2844.00
 1241.62   260.08   220.44  2861.00
  561.05   616.07   219.71  2511.00
  664.41   619.78   219.67  2649.00
  158.14   702.45   220.49  2880.00
  724.56   846.92   220.62  2842.00
  280.85   930.25   220.38  3060.00
  829.85   452.76   220.67  2338.00
 1012.24   455.11   222.17  3011.00
  685.30   576.05   221.32  2687.00
  118.33   677.40   221.72  3120.00
  477.84   703.71   220.76  2548.00
  514.65   717.64   221.39  2586.00
 1066.71   738.47   221.57  2446.00
 1388.61   747.98   221.55  2886.00
  919.59   858.96   222.07  2764.00
 1071.00   907.33   220.53  2352.00
 1384.46   918.23   221.83  2758.00
  396.40   930.60   220.90  2599.00
 1359.29   946.80   221.11  2738.00
   56.06    78.88   221.75  2361.00
  982.18   247.58   221.85  2833.00
 1025.05   297.14   222.19  2750.00
  503.16   337.99   222.35  2808.00
   76.16   449.94   221.99  2890.00
   71.04   579.53   221.99  3169.00
 1468.16   606.50   222.34  2607.00
  313.54   635.96   222.60  2669.00
 1504.43   676.06   221.43  2470.00
 1131.73   686.04   222.05  2618.00
  182.37   776.65   222.49  2427.00
  657.07   826.94   223.65  3389.00
  592.59   839.39   221.95  2526.00
   39.45   869.19   221.35  2387.00
  608.22   940.84   222.18  2655.00
  658.47    54.71   223.15  2072.00
  109.83    62.75   222.55  2439.00
  270.14    64.29   222.80  2492.00
  276.99   220.83   223.48  2708.00
 1150.29   226.87   224.45  2127.00
 1074.33   314.57   223.45  2454.00
 1114.61   320.56   223.69  2579.00
   71.46   426.44   222.46  2522.00
  411.42   436.69   222.67  2471.00
  534.33   570.80   223.06  2416.00
  650.51   615.49   223.23  2532.00
    2.20   654.32   224.44  3974.00
  320.97   659.72   223.07  2398.00
 1135.62   671.40   223.33  2479.00
 1309.57   714.59   222.47  2605.00
  254.19   783.02   223.47  2558.00
  635.98   891.19   222.50  2526.00
 1367.96   920.89   222.32  2480.00
  459.19   159.88   224.74  2977.00
  536.86   239.69   224.34  2817.00
 1323.26   296.19   224.42  2597.00
  481.06   305.14   223.97  2364.00
  281.98   328.51   224.62  3075.00
  271.77   339.26   224.69  3269.00
  113.83   445.97   223.86  2573.00
  640.70   497.50   224.85  2943.00
  562.30   625.14   225.07  2889.00
  255.95   791.86   225.24  3019.00
  862.89   921.91   224.97  2646.00
  817.16    84.00   225.23  3022.00
 1201.75   114.66   224.69  2448.00
  604.28   127.16   225.06  2276.00
 1333.73   160.00   226.19  3145.00
  586.42   163.68   225.90  2916.00
 1516.53   191.40   225.12  2602.00
  609.41   295.87   225.30  2903.00
  669.24   376.81   225.20  2413.00
 1009.30   399.93   224.95  2606.00
  618.98   449.51   225.29  3114.00
  363.98   540.15   224.70  2431.00
  862.55   787.96   225.31  2642.00
  591.56   964.82   225.94  2754.00
  100.93   233.83   225.90  2373.00
  683.33   398.64   225.83  2533.00
  615.02   497.77   226.20  2865.00
  120.52   500.07   225.30  2330.00
   58.75   587.33   227.20  3021.00
 1176.64   612.58   226.07  2697.00
  378.41   708.12   226.84  2671.00
   19.16   756.25   226.38  2803.00
    8.17   825.82   226.35  2961.00
   72.70   856.41   226.73  2672.00
  386.50   911.10   226.21  2505.00
  647.53   931.66   226.57  2948.00
  775.16   945.00   225.65  2470.00
 1442.47   259.80   227.27  2688.00
  154.57   262.26   227.42  3093.00
  375.87   398.27   226.75  2578.00
 1410.43   599.04   227.39  2711.00
  193.79   608.22   227.74  2617.00
 1192.07   824.07   226.26  2420.00
 1092.00   841.57   227.43  2893.00
  159.26   898.20   227.22  2646.00
  251.64    54.32   228.86  2196.00
  986.37   144.69   228.98  3029.00
 1031.09   229.55   229.81  2883.00
  165.49   309.41   228.21  2475.00
  126.45   316.13   229.35  3119.00
  208.89   340.06   227.83  2388.00
  491.58   368.74   228.60  2868.00
  885.32   406.52   228.36  2854.00
  955.74   460.68   228.45  2204.00
  344.61   584.55   227.91  2605.00
 1276.22   632.99   229.41  3312.00
  644.27   674.86   228.04  2517.00
  143.35   767.65   228.73  2476.00
   60.18   860.42   227.91  2457.00
  267.35   155.80   229.42  2908.00
 1393.30   211.16   229.75  3106.00
  710.72   282.15   228.49  2400.00
  207.91   291.57   228.87  2846.00
 1452.43   550.02   229.22  2492.00
   77.60   786.33   228.69  2842.00
  652.83   883.51   229.03  2833.00
  677.77    55.00   231.16  2089.00
  898.10    54.69   230.72  2182.00
  950.03   124.18   230.35  2462.00
  899.54   194.91   230.41  2531.00
  478.90   412.56   230.22  2564.00
  470.55   654.23   230.34  2539.00
  617.23   698.63   230.92  2922.00
  485.09   767.04   230.51  2658.00
 1269.85   818.91   229.55  2536.00
 1517.93   132.28   231.79  2816.00
  481.96   247.80   231.41  2825.00
  596.16   299.61   230.34  2633.00
 1427.40   302.21   230.85  2481.00
  627.11   440.88   231.76  3439.00
  329.09   456.45   230.94  2932.00
 1215.98   498.20   231.23  2881.00
  799.80   113.99   233.16  2969.00
 1427.71   118.26   232.46  2788.00
  173.79   142.95   232.65  3166.00
   39.92   169.50   232.84  2853.00
  552.72   238.18   232.58  2771.00
  478.33   337.53   232.20  2667.00
 1047.53   343.46   232.77  2884.00
  858.03   379.77   231.48  2369.00
 1424.50   490.29   232.00  2479.00
  773.36   595.93   232.99  2918.00
 1168.39   606.33   232.27  2687.00
  485.93   610.80   232.65  3230.00
  436.88   622.43   232.88  2751.00
  925.33   736.90   231.90  2600.00
 1361.39   929.28   232.07  2695.00
  905.19   112.44   232.47  2251.00
   21.95   166.67   233.21  2584.00
   12.03   202.05   233.00  2533.00
 1331.78   557.00   233.05  2505.00
  600.05   699.84   233.45  2676.00
  781.84   743.71   233.75  2615.00
 1440.92   879.07   232.95  2869.00
 1449.97   888.13   233.10  2588.00
  936.87    55.46   233.78  2118.00
  236.62   104.25   235.29  2846.00
  426.56   311.92   234.93  2959.00
  102.47   345.51   234.53  2770.00
 1213.61   433.86   234.14  2499.00
  455.48   646.10   235.50  2651.00
  448.84   856.68   233.52  2661.00
  658.09   867.43   234.02  2670.00
  632.84   876.40   233.90  2827.00
 1156.00   939.76   233.50  2555.00
  594.81   413.66   237.71  3024.00
 1295.76   485.52   235.48  3177.00
 1321.35   545.52   234.87  2375.00
    6.83   589.18   236.08  2647.00
  758.27   615.58   234.35  2517.00
  819.92   652.35   234.78  2594.00
  888.91   686.46   235.42  2642.00
 1461.93   726.02   234.65  2449.00
 1375.71   762.05   236.86  2900.00
  411.87   815.80   234.73  2350.00
  530.32    53.47   238.81  2293.00
 1286.21   203.53   236.30  2495.00
  963.44   520.28   236.38  2428.00
 1118.12   570.41   236.14  2847.00
 1350.03   583.85   236.94  2685.00
  792.95   601.29   235.80  2567.00
 1190.08   607.45   235.80  2580.00
  275.02   648.48   236.65  3203.00
 1076.10   674.40   236.06  2461.00
  942.90   720.55   236.33  2372.00
  404.35   763.86   236.45  2666.00
   27.46   810.09   235.69  2398.00
  457.43   946.55   235.89  2477.00
  145.26   959.92   236.75  2320.00
  714.70    54.67   238.22  2086.00
  844.10   100.24   238.05  3019.00
  841.84   118.77   237.76  2920.00
  390.38   302.36   237.00  2292.00
  171.51   315.10   237.63  2594.00
 1125.26   581.16   237.28  2471.00
    1.77   603.77   239.11  3772.00
  137.07   876.39   237.61  2961.00
  902.52   114.94   238.39  2289.00
    1.49   193.44   238.85  2872.00
 1194.39   226.50   237.89  2328.00
  872.38   305.69   239.01  3048.00
 1530.00   600.43   238.34  2748.00
 1175.41   617.94   237.50  2466.00
  365.00   645.09   237.94  2705.00
 1434.97   887.61   237.48  2326.00
  465.33   902.11   238.98  2853.00
  719.21   397.54   239.75  2612.00
 1009.36   446.30   239.07  2955.00
  218.45   524.16   238.26  2390.00
  364.07   546.92   239.00  3035.00
 1477.09   573.95   239.44  3095.00
  515.97   604.16   239.05  2573.00
 1338.44   627.04   240.21  2760.00
 1506.93   643.39   240.04  2660.00
  842.57   649.31   239.08  2686.00
  702.03   690.53   239.85  2982.00
   60.80   735.38   239.64  2794.00
  820.75   775.60   239.46  2516.00
 1068.19   785.65   238.77  2429.00
  832.25   794.40   239.47  2291.00
 1253.75   814.29   238.39  2398.00
  396.33   926.33   238.81  2670.00
  983.96    55.18   240.50  2152.00
  766.22    92.65   240.05  2487.00
  402.68   146.86   240.11  2307.00
  114.40   222.65   240.97  2858.00
  314.36   297.07   240.37  2715.00
  967.73   566.05   241.37  2929.00
  690.26   691.17   240.42  2522.00
  526.20   815.08   240.24  2497.00
  467.52   859.48   239.93  2280.00
 1072.67   951.37   240.73  2858.00
  153.16   184.80   241.96  2991.00
 1390.71   283.11   240.18  2345.00
   43.47   324.72   242.13  2809.00
  462.82   507.45   241.24  2946.00
  355.49   559.01   241.52  2955.00
 1495.56   690.30   240.95  2749.00
  415.93   798.56   240.67  2535.00
 1513.09   900.88   241.07  2804.00
  432.47    54.16   242.27  2218.00
  142.03    55.30   243.41  2379.00
  600.60    96.76   242.29  2475.00
 1224.68   130.90   242.97  2969.00
  259.05   172.43   241.27  2468.00
 1143.40   471.13   243.50  3051.00
  562.46   626.39   241.98  2526.00
  996.43   721.54   241.34  2296.00
  969.58   806.53   242.34  2654.00
  908.45   890.31   242.19  2718.00
  489.15   911.21   241.79  2552.00
 1350.92   965.97   242.30  2465.00
  394.48   248.38   244.12  3178.00
  560.00   298.01   244.68  3276.00
  332.65   303.90   242.84  2871.00
  721.99   371.15   243.15  2353.00
 1442.63   535.26   243.38  2395.00
 1131.67   573.48   243.76  3332.00
  225.87   630.28   242.92  2881.00
  254.09   804.33   243.88  2824.00
 1435.16   836.00   243.35  3340.00
  143.48   852.48   243.25  2333.00
  257.75   874.14   243.57  3066.00
  471.84    90.67   244.38  3157.00
   17.57   295.23   244.23  3271.00
  927.44   312.01   244.04  2830.00
   49.58   452.11   245.39  3327.00
  319.00   452.59   244.11  2742.00
 1137.33   478.38   243.90  2506.00
 1418.47   575.88   243.41  2362.00
 1076.09   599.14   244.25  2701.00
  814.31   645.37   244.83  2878.00
  873.18   675.19   244.61  2757.00
 1318.59   789.49   243.55  2603.00
 1004.48   790.04   244.07  2499.00
  141.52    76.51   246.41  2150.00
  398.43   115.71   244.96  2406.00
  988.75   230.61   246.07  2795.00
  912.36   265.04   244.62  2528.00
  315.00   391.13   243.83  2356.00
  328.90   398.92   245.16  2592.00
  351.02   452.44   245.03  2809.00
 1110.32   457.02   245.16  3056.00
  150.19   521.59   245.52  3047.00
  924.33   659.61   245.87  2712.00
  615.00   665.21   246.19  2984.00
  194.83   818.65   246.34  3326.00
  289.87   854.05   245.48  2870.00
   90.25   958.86   245.88  2458.00
  975.22    99.16   246.42  2575.00
  983.69   250.86   246.93  3219.00
  387.69   309.14   248.33  2339.00
  129.29   367.81   246.69  2774.00
 1490.50   401.18   247.32  2450.00
   58.03   800.65   245.95  2611.00
  397.19   878.31   247.22  2773.00
 1454.20   883.71   245.57  2484.00
  669.38    54.16   249.18  2563.00
 1250.73   138.51   247.78  2385.00
  521.70   308.88   248.21  2456.00
  217.11   429.52   247.73  2495.00
  607.47   469.03   246.36  2628.00
  880.18   671.61   247.61  2367.00
  160.53   715.44   247.31  2596.00
  827.11   750.00   246.46  2308.00
 1428.69   843.54   247.52  2563.00
  454.90   855.12   247.22  2360.00
 1168.80   939.13   248.72  2709.00
  891.01    55.04   249.91  2115.00
 1224.36    57.66   249.39  2422.00
  473.05    76.58   249.24  2715.00
  867.10   163.45   248.79  2205.00
   31.24   276.73   249.16  2884.00
 1533.69   309.00   249.16  3372.00
  554.03   337.89   248.83  2855.00
  565.50   338.37   248.70  2742.00
  438.50   564.77   248.92  2349.00
  442.20    54.03   249.65  2803.00
  690.66    54.89   249.72  2474.00
  125.88    77.04   249.79  3496.00
 1292.35   172.46   249.55  3433.00
  387.47   324.50   249.42  2544.00
  241.23   456.67   249.70  3947.00
  740.14   500.48   249.41  2182.00
 1225.93   558.52   249.70  2893.00
  652.88   622.61   249.63  2410.00
  881.91   659.33   249.60  3177.00
  253.26   704.77   249.28  2261.00
  562.53   726.43   249.71  2664.00
   23.42   798.05   249.55  3143.00
 1519.36   972.84   249.33  2575.00
   34.60    54.04   250.02  2464.00
  642.68    86.26   250.11  2664.00
  589.44    90.62   249.85  3704.00
   35.31   121.00   249.84  3303.00
  351.26   129.87   250.09  3697.00
  421.43   140.92   250.08  2545.00
  149.50   155.00   250.09  3119.00
 1517.12   161.11   250.00  3676.00
  303.76   170.35   249.99  3212.00
 1355.13   195.18   249.91  3135.00
  598.50   201.04   249.97  3751.00
 1464.80   211.47   250.05  2970.00
   43.37   242.97   249.96  3175.00
  522.98   246.75   249.91  3951.00
  599.17   255.84   249.97  2814.00
  998.71   297.29   249.86  3780.00
 1064.05   334.70   250.20  2734.00
  781.20   374.20   250.10  3751.00
 1525.80   398.16   250.18  3072.00
 1004.47   413.28   250.24  2603.00
 1274.76   420.56   249.78  3104.00
  583.70   438.35   249.98  2640.00
 1240.09   462.92   250.17  3257.00
  471.82   488.19   250.07  2921.00
  370.32   504.37   250.05  3339.00
  452.50   557.03   250.04  3182.00
 1167.21   588.35   249.89  3163.00
  859.44   591.58   250.12  3271.00
  655.34   613.23   249.88  3336.00
  397.24   624.92   250.02  2955.00
  136.01   643.15   249.89  3230.00
 1374.72   664.47   250.04  3574.00
 1223.21   683.77   250.08  3345.00
  535.86   699.78   250.32  2002.00
  362.42   697.44   250.08  3331.00
 1338.84   874.73   250.22  3017.00
  973.52   888.24   249.93  3687.00
  286.54   943.41   250.07  3337.00
  658.78    90.29   250.35  2738.00
   50.13   112.83   250.24  3729.00
  642.83   128.72   250.38  2533.00
 1265.24   141.49   250.35  2841.00
  799.59   157.30   250.34  2840.00
 1211.17   198.32   250.43  3040.00
 1207.68   211.05   250.34  3076.00
  263.47   220.27   250.33  2875.00
 1051.05   226.86   250.26  2922.00
  237.69   242.19   250.31  2894.00
  719.17   246.53   250.23  3233.00
  584.76   262.74   250.41  2790.00
  559.83   306.17   250.53  3295.00
  796.10   306.67   250.38  2494.00
 1073.28   313.33   250.24  2800.00
 1038.45   318.97   250.30  2522.00
   25.82   333.18   250.51  3016.00
 1041.54   337.89   250.24  3076.00
 1524.57   343.27   250.33  2541.00
 1251.98   358.84   250.24  2780.00
  475.42   375.04   250.23  3300.00
  198.40   431.88   250.24  3378.00
 1257.06   442.00   250.35  2692.00
  535.77   478.33   250.51  2845.00
  672.83   535.93   250.27  3558.00
 1380.83   547.08   250.32  2694.00
   17.15   569.17   250.24  3083.00
 1350.68   569.71   250.21  2457.00
  539.57   602.88   250.22  2682.00
  983.69   609.79   250.52  2943.00
  834.01   617.17   250.29  2797.00
  569.84   623.43   250.31  2694.00
  572.55   659.45   250.36  2502.00
  172.46   663.98   250.23  3183.00
  296.89   671.20   250.45  2921.00
  613.88   676.44   250.26  3814.00
  752.71   698.41   250.26  2930.00
  236.73   711.15   250.31  2757.00
  148.41   730.03   250.26  3643.00
  653.28   761.41   250.33  2730.00
  640.93   765.64   250.30  2568.00
  824.69   787.42   250.30  2807.00
  294.02   809.98   250.40  2603.00
  321.82   828.03   250.55  2724.00
  181.02   833.92   250.25  2785.00
 1196.03   845.07   250.47  2653.00
  835.51   859.31   250.27  3088.00
  576.15   900.05   250.49  2607.00
  383.74   908.74   250.24  2497.00
  625.66   929.48   250.30  2998.00
 1089.55   956.20   250.36  2672.00
 1056.93   960.87   250.29  2707.00
  827.06    79.00   250.68  2691.00
  954.33   183.87   250.58  2686.00
 1022.46   400.18   250.64  2474.00
  793.22   437.50   250.63  2854.00
  319.43   578.11   250.66  2675.00
  979.46   663.03   250.62  2788.00
 1205.24   707.68   250.59  2857.00
  806.05   760.10   250.68  2738.00
  347.30   807.94   250.64  2783.00
 1010.65   936.10   250.65  2493.00
   46.00   944.00   236.00 13011.00
